20
o o
586 585 337 79 823 369 856 423 618 361 673 470
v v
138 157 485 227 538 713 951 198 460 133 71 150
v v
590 47 167 209 387 105 145 723 535 320 444 743
z z
413 103 766 234 432 255 743 268 481 280 980 431
p p
439 916 900 940 311 490 986 829 50 372 933 547
q q
468 866 242 562 607 654 664 724 240 447 978 982
x x
810 261 693 593 738 484 508 638 775 818 479 113
r r
880 836 931 426 282 750 291 523 311 249 529 326
j j
768 772 301 749 485 111 9 529 703 99 364 562
l l
139 379 918 603 376 797 438 306 223 72 55 865
t t
365 114 474 690 437 593 813 90 693 297 552 54
b b
606 152 893 167 591 383 897 508 985 272 656 423
n n
230 494 984 95 439 701 560 265 742 348 209 907
q q
902 555 340 955 732 297 458 625 463 48 359 711
w w
344 335 914 766 264 144 611 599 238 401 651 149
i i
393 496 226 651 285 127 205 976 433 937 273 890
y y
87 289 271 150 547 966 484 460 83 747 603 693
i i
192 446 996 692 462 740 188 39 742 824 517 946
c c
949 234 775 838 146 214 478 769 363 24 86 198
f f
169 944 790 213 640 982 658 987 673 472 78 212
0