787
6628.00
7523.00
4100.00
9484.00
6083.00
8326.00
5569.00
8899.00
478.00
7203.00
7777.00
2047.00
1296.00
6504.00
4715.00
3283.00
7571.00
1029.00
2178.00
9066.00
8821.00
3911.00
1616.00
3477.00
5509.00
1818.00
7975.00
8673.00
448.00
3684.00
9459.00
3428.00
1208.00
9911.00
2913.00
3643.00
4590.00
8482.00
2542.00
5068.00
2037.00
6671.00
3468.00
9685.00
3175.00
8183.00
2968.00
7098.00
5564.00
5146.00
2516.00
4385.00
5409.00
485.00
7863.00
919.00
8655.00
2190.00
9592.00
9103.00
5875.00
5403.00
2531.00
7083.00
5315.00
1796.00
726.00
6257.00
278.00
9620.00
1325.00
8667.00
6291.00
4793.00
8352.00
5818.00
9328.00
1320.00
9268.00
4892.00
2818.00
8137.00
9278.00
8228.00
8622.00
3493.00
9147.00
7277.00
2035.00
5091.00
2732.00
7910.00
6846.00
1615.00
1345.00
8513.00
9764.00
8423.00
4770.00
6394.00
8043.00
2448.00
5062.00
686.00
3593.00
3414.00
2856.00
2922.00
1087.00
8477.00
4166.00
3905.00
6614.00
9796.00
2133.00
1588.00
9641.00
7632.00
5217.00
1677.00
9075.00
4301.00
9587.00
2274.00
2268.00
7285.00
787.00
2032.00
5708.00
1910.00
8427.00
104.00
4358.00
9841.00
790.00
7951.00
3255.00
9999.00
7225.00
4342.00
4828.00
1392.00
8248.00
7794.00
1188.00
6733.00
9382.00
830.00
718.00
951.00
2507.00
9793.00
1604.00
8446.00
2067.00
3872.00
5731.00
9207.00
2257.00
1440.00
1117.00
7036.00
7896.00
5475.00
6877.00
5038.00
9778.00
132.00
5037.00
7004.00
827.00
9865.00
8396.00
5427.00
4011.00
5936.00
2160.00
9745.00
6766.00
2878.00
696.00
5625.00
9024.00
8652.00
4072.00
7443.00
2525.00
6155.00
6650.00
1134.00
3947.00
4119.00
8170.00
1843.00
5946.00
5047.00
6882.00
5725.00
1531.00
8271.00
9081.00
8710.00
4489.00
7477.00
4137.00
8500.00
9765.00
2650.00
8246.00
6532.00
1880.00
5294.00
2157.00
7256.00
3947.00
2581.00
4700.00
2824.00
8737.00
7702.00
3958.00
2684.00
1822.00
8480.00
880.00
7768.00
9879.00
7762.00
3493.00
1410.00
6033.00
8926.00
6473.00
522.00
2755.00
610.00
5375.00
2521.00
9612.00
3621.00
9053.00
7845.00
8915.00
7562.00
5101.00
2862.00
144.00
9801.00
5686.00
5233.00
7504.00
5996.00
4269.00
5678.00
4476.00
5149.00
3446.00
4355.00
9263.00
3292.00
2118.00
5297.00
2218.00
8591.00
2171.00
4974.00
5553.00
7546.00
7495.00
5166.00
1167.00
2900.00
3011.00
6435.00
462.00
4464.00
9297.00
6958.00
4266.00
1336.00
2191.00
8122.00
7332.00
2813.00
3800.00
1809.00
7962.00
7246.00
6164.00
7226.00
6890.00
4634.00
8875.00
9109.00
3225.00
7398.00
4083.00
8779.00
4945.00
7930.00
297.00
2464.00
830.00
9660.00
5251.00
1292.00
4124.00
4549.00
8251.00
4742.00
2237.00
6794.00
2864.00
9569.00
9607.00
3016.00
7730.00
3922.00
6615.00
247.00
7500.00
3505.00
4881.00
2727.00
2614.00
4459.00
125.00
3049.00
9590.00
1422.00
979.00
9887.00
239.00
1809.00
5899.00
5490.00
3102.00
6375.00
6391.00
7705.00
1118.00
8628.00
851.00
334.00
8198.00
6811.00
3351.00
5928.00
733.00
6318.00
2527.00
4585.00
9823.00
7409.00
7312.00
2438.00
1868.00
3789.00
1839.00
1458.00
1564.00
2819.00
7697.00
1803.00
4628.00
3596.00
7293.00
4082.00
9971.00
3685.00
1787.00
7441.00
2313.00
8991.00
7776.00
6863.00
5802.00
7479.00
9144.00
2887.00
3797.00
1671.00
7472.00
9972.00
5432.00
1136.00
8762.00
7300.00
1277.00
602.00
5110.00
2841.00
3421.00
2807.00
4644.00
4401.00
2755.00
8290.00
8484.00
9079.00
8327.00
6623.00
2872.00
640.00
5614.00
648.00
3856.00
1416.00
4479.00
9352.00
4303.00
4628.00
7375.00
8127.00
4601.00
2808.00
5615.00
3363.00
6460.00
6893.00
3965.00
1571.00
6086.00
3738.00
730.00
731.00
8140.00
9838.00
5373.00
6624.00
5269.00
3700.00
3247.00
8141.00
692.00
5214.00
5142.00
4548.00
6630.00
9621.00
252.00
7286.00
602.00
7628.00
1765.00
5203.00
436.00
7381.00
4918.00
3248.00
626.00
5236.00
1171.00
6712.00
8974.00
1902.00
3795.00
3466.00
8092.00
9168.00
90.00
3361.00
2868.00
9690.00
1502.00
9913.00
4904.00
6644.00
813.00
7886.00
2618.00
1066.00
1524.00
3220.00
8694.00
3290.00
4775.00
5482.00
671.00
9693.00
8730.00
1297.00
4929.00
9902.00
4361.00
256.00
8156.00
8157.00
3722.00
2600.00
3677.00
3813.00
5961.00
2898.00
9855.00
3815.00
2811.00
1111.00
6812.00
3624.00
5349.00
9430.00
1042.00
6874.00
2650.00
9736.00
164.00
7425.00
1570.00
7187.00
3470.00
6653.00
4836.00
8400.00
6555.00
9197.00
5008.00
1063.00
3706.00
8730.00
3663.00
7384.00
8895.00
5976.00
6634.00
8750.00
6143.00
5797.00
6213.00
2955.00
9421.00
1563.00
2385.00
6816.00
4789.00
1387.00
6552.00
4953.00
5164.00
4475.00
2140.00
8635.00
1128.00
3328.00
3387.00
4035.00
2525.00
8395.00
5098.00
2584.00
7125.00
5113.00
9968.00
6021.00
7441.00
2954.00
1123.00
3584.00
8751.00
3689.00
2892.00
4524.00
1604.00
1629.00
1340.00
6393.00
3017.00
4245.00
1346.00
4533.00
8720.00
9838.00
9520.00
9848.00
3166.00
2907.00
3883.00
2043.00
7654.00
5333.00
4627.00
4780.00
6798.00
947.00
7153.00
591.00
3901.00
4628.00
527.00
9004.00
8317.00
3419.00
3529.00
6273.00
5049.00
4869.00
2666.00
4418.00
9114.00
364.00
8951.00
4186.00
202.00
4824.00
4034.00
9720.00
7731.00
4269.00
1764.00
5386.00
5954.00
2743.00
6518.00
2752.00
43.00
23.00
9695.00
3944.00
1003.00
223.00
9301.00
5673.00
3642.00
2830.00
1946.00
5043.00
4051.00
4613.00
9461.00
3166.00
4977.00
4765.00
7352.00
1532.00
9589.00
7739.00
1252.00
3672.00
8360.00
9368.00
5410.00
4315.00
2112.00
8280.00
3419.00
2155.00
8303.00
3115.00
2451.00
9307.00
3338.00
1752.00
4980.00
3332.00
934.00
6926.00
8376.00
4986.00
1539.00
4189.00
8152.00
2869.00
5306.00
1856.00
4401.00
1247.00
5947.00
5653.00
4920.00
660.00
1374.00
6682.00
4975.00
3486.00
4963.00
4746.00
1993.00
3266.00
7861.00
796.00
8925.00
7551.00
8901.00
3905.00
884.00
9835.00
7184.00
5612.00
4821.00
5075.00
9801.00
9325.00
7944.00
5108.00
7534.00
8697.00
6355.00
9833.00
4351.00
7627.00
493.00
5725.00
4310.00
1820.00
5563.00
5625.00
6567.00
3908.00
8891.00
780.00
1056.00
4169.00
8332.00
9957.00
4426.00
5568.00
9793.00
1610.00
1180.00
966.00
3038.00
7333.00
292.00
982.00
8793.00
4178.00
9680.00
1501.00
4011.00
383.00
9128.00
4505.00
2460.00
9790.00
2677.00
4375.00
5415.00
9244.00
4635.00
659.00
25.00
5691.00
1180.00
4709.00
5649.00
5606.00
277.00
1794.00
7217.00
7809.00
2760.00
6607.00
1494.00
9404.00
7589.00
288.00
3582.00
3621.00
1789.00
3946.00
356.00
917.00
4803.00
9168.00
7060.00
7480.00
3543.00
8827.00
6725.00
8178.00
5838.00
3102.00
3870.00
7018.00
4163.00
5871.00
2625.00
4440.00
7665.00
6194.00
8601.00
6777.00
2801.00
95.00
2534.00
6742.00
383.00
0