105
12609.00
12590.00
17658.00
18977.00
18863.00
9184.00
11309.00
14747.00
16879.00
11595.00
18925.00
15664.00
9828.00
9397.00
11332.00
13015.00
16235.00
9504.00
15197.00
14647.00
18135.00
17673.00
12252.00
16832.00
9744.00
17226.00
18685.00
18738.00
12906.00
15949.00
14043.00
16515.00
15891.00
9053.00
16492.00
12106.00
15589.00
15153.00
17853.00
13469.00
17749.00
14131.00
16485.00
18577.00
10880.00
18818.00
18945.00
14467.00
15674.00
15142.00
10114.00
14809.00
10168.00
13367.00
18993.00
10912.00
17945.00
18678.00
10651.00
11852.00
11980.00
12046.00
9367.00
18871.00
18451.00
13212.00
18330.00
15041.00
9365.00
13535.00
15862.00
14466.00
15018.00
13347.00
10396.00
16898.00
9517.00
16693.00
12365.00
16191.00
9187.00
9832.00
18352.00
10355.00
10551.00
18345.00
12268.00
9496.00
18024.00
10271.00
18700.00
11004.00
9669.00
15420.00
17227.00
15472.00
9632.00
16557.00
17865.00
16349.00
17445.00
14727.00
11816.00
13463.00
9075.00
0