985
12377.48
10038.8
17459.27
15461.65
17749.47
9045.59
13238.13
18178.51
11653.26
14215.0
16841.33
13305.60
12145.52
17247.74
16898.35
14722.62
16091.44
12969.39
15426.73
12334.11
18465.74
17758.90
16095.70
13152.3
16564.93
14555.69
11271.1
15282.41
18239.93
14506.94
17298.98
10117.10
16045.24
12645.12
10869.52
10350.18
12063.92
10390.13
13397.47
17962.59
12965.15
12719.65
9730.57
13357.67
9882.24
12459.74
12797.17
9922.62
11367.32
9666.39
16899.96
17274.8
13829.61
12824.50
13262.35
16540.47
12655.36
9817.65
16612.20
9707.39
10390.94
9379.61
16799.97
11382.51
17573.98
16106.11
13120.44
9138.82
16749.38
13529.12
12100.39
15591.22
18681.72
16493.64
17935.18
17492.34
10423.18
17217.22
18228.18
14740.43
15351.62
9625.11
9931.71
18421.13
16429.25
12395.81
11372.83
18989.38
9099.88
11050.46
17387.6
14712.17
11117.74
14385.37
9880.10
18147.8
12028.34
13054.78
18592.12
14343.15
9130.14
9255.96
10430.97
16259.52
13079.35
9564.90
15204.77
17629.62
11909.42
15020.43
16845.76
12724.23
16644.68
10185.14
12958.90
15963.13
10619.22
14647.1
12815.42
9931.5
11217.52
9360.17
9475.1
15743.80
14709.75
12525.95
9635.71
9779.62
10379.18
17220.16
13845.4
11131.11
17754.35
11218.44
16037.65
9463.55
16348.43
16676.48
11517.51
16559.85
18887.49
17132.81
13685.97
14153.57
12580.20
16754.22
13909.1
16594.49
9368.45
15232.15
18313.41
12012.27
9223.41
16188.28
16811.1
12671.19
11183.94
9924.67
12419.42
11932.8
11156.97
10777.84
18628.60
16081.32
14535.27
9106.13
18065.16
9565.53
9158.12
17380.48
11500.94
13724.61
15559.65
16903.83
13430.51
12330.68
13227.19
9004.44
9831.87
15556.80
18454.24
9271.80
15132.31
13159.93
17590.13
15963.55
16295.9
17478.98
12688.43
9185.79
12570.71
10057.42
13975.0
13356.65
9850.62
10230.98
12926.36
10528.23
17690.9
18052.8
9931.60
10076.29
13055.76
17433.39
11288.10
11214.15
17486.67
9007.67
9684.43
10972.53
16980.77
9894.93
10056.27
13669.76
9814.33
18731.59
15090.46
15324.57
12066.16
9593.42
15080.16
16565.5
17782.14
13380.47
13640.5
12704.64
11259.49
9880.94
18725.71
14765.15
14623.53
17636.94
14360.60
17211.22
11423.49
9133.1
13315.22
18422.47
16974.76
17915.92
18210.93
10588.61
18921.14
10136.19
13369.25
15537.87
14103.6
17058.74
11839.34
17890.41
10425.61
15469.47
14777.45
14189.16
11397.89
18070.1
12075.64
18429.28
14830.16
17995.61
12820.80
15545.16
18763.28
18386.51
16225.86
13216.43
15355.31
16095.26
18281.86
17588.95
15389.50
18638.61
10021.54
17813.92
14986.34
16051.8
11398.0
10433.97
13552.11
13763.90
10800.40
15779.43
11368.26
11992.47
15159.14
18680.89
14590.35
13716.78
10090.38
18815.58
13043.25
14938.83
12167.86
17602.55
13543.29
14848.95
10400.78
16202.37
11854.10
17122.16
17126.24
13265.85
18824.55
12032.48
17863.37
9695.62
11418.72
14699.87
9357.24
18656.56
15722.85
12947.19
13483.90
13595.66
16696.37
11702.20
12223.86
11244.19
17653.70
15666.33
13476.73
15775.68
15700.39
17831.2
12128.95
17310.16
12991.8
13325.44
18759.87
14812.96
13341.92
14983.84
13538.21
12315.20
18855.70
16059.94
15400.46
16577.86
11661.18
15509.49
10247.42
10991.93
18781.95
12713.44
16940.49
12348.7
16095.56
11549.19
12910.94
10176.66
13903.89
9801.6
11070.24
9755.21
10139.75
15872.51
10140.31
12977.64
13236.82
12165.8
15271.49
12514.69
11197.6
16704.80
13633.25
11578.60
16117.5
12543.49
17110.53
15623.66
13266.36
13341.44
14063.63
18031.91
17713.19
13181.75
14063.13
13703.72
9111.33
15072.14
16641.96
15984.69
17382.39
15649.30
10177.86
11094.21
18472.15
18906.89
10106.73
15539.23
16487.79
10155.59
13768.41
11514.9
9971.82
11328.29
18941.96
18722.82
15192.16
10168.28
11348.7
10869.28
11402.12
11707.98
9714.98
18679.76
11671.17
16103.70
12045.64
14023.31
13556.3
17980.26
18367.55
14525.35
16778.19
10985.74
11660.10
17298.46
14630.19
13922.6
11956.61
16249.97
17139.15
18419.36
9322.47
10553.24
13497.23
17432.49
10940.56
17480.49
16003.43
11548.98
9672.27
10077.74
17204.86
14351.63
12304.60
12140.24
18657.29
17981.53
18706.22
16561.26
12772.25
16125.23
15304.56
17135.53
17775.97
18323.53
16882.94
11101.68
11752.8
18951.27
11757.92
16500.42
17355.10
14097.0
18720.69
13970.76
14004.97
14557.70
13052.71
9968.51
9729.76
17626.92
16043.30
16402.50
9884.93
11204.6
12148.26
17759.8
17890.42
14918.66
11867.30
17454.2
11983.42
10884.78
9409.96
15215.81
14847.34
15101.41
17273.33
18038.2
16208.65
14503.11
12650.53
17213.27
9823.23
16502.5
14019.34
13266.79
15321.79
13093.86
10706.87
13220.46
10502.39
9443.83
9177.76
14285.94
12427.88
9446.35
16756.19
14970.36
18142.51
17622.93
14782.46
10219.58
14390.29
10537.98
10973.10
10001.34
11430.31
18603.17
16278.1
11697.49
17381.15
13135.32
13507.44
10069.75
15283.6
15867.79
14283.40
15872.74
18751.81
13121.83
9518.15
10552.37
11918.35
10908.51
17748.66
12606.27
15804.84
18619.13
15903.24
16665.23
12083.58
16955.80
17970.37
14391.65
14940.23
15799.7
16338.65
18407.80
14859.98
12157.37
13976.31
13440.43
16208.21
18444.44
16451.45
12650.73
13345.67
17900.96
18137.6
17389.21
15507.10
10536.65
18892.71
9454.74
13962.76
12062.34
12078.74
17071.20
16914.34
9750.38
16328.29
14900.79
17711.65
10340.97
10796.38
11926.2
16622.48
17501.21
17110.12
14969.89
17918.6
18363.90
11886.98
13986.74
10301.74
11517.9
11842.24
9302.98
14922.64
14753.59
9429.15
17725.47
18495.26
10918.79
11533.61
16030.21
15919.88
15151.46
9180.24
15957.18
12227.32
15463.1
13244.15
12974.44
16465.92
9588.78
13759.61
14945.67
15540.93
13564.23
11103.12
12229.23
9692.57
14179.87
15870.88
14059.78
13314.33
11518.74
9992.77
14076.24
17924.19
15351.77
13978.30
15994.68
15512.90
12295.76
14856.37
12989.3
11257.65
9126.73
9360.94
14577.72
12059.31
18585.73
16292.63
17861.79
15678.0
11603.60
12862.0
11230.48
10155.20
10694.90
17402.22
18913.47
16556.80
11491.39
16928.71
17943.0
15163.56
10391.11
18543.66
15023.98
10818.45
9582.92
17224.85
17758.35
13690.65
18096.58
11488.18
15456.71
17104.26
9664.70
16015.20
12371.0
13489.39
18338.92
16720.96
15605.72
9341.46
16922.85
15352.5
9649.35
12485.45
15839.54
16810.98
17721.58
17595.35
10946.22
14345.98
16846.28
15433.27
9218.44
14250.10
9043.66
9363.78
9509.87
9997.72
9462.51
12608.18
15807.80
15949.32
12685.41
10266.67
9212.20
9949.79
11798.3
16946.66
13239.32
15192.60
17788.32
11247.50
14975.20
12160.42
13079.41
9091.76
9890.74
11767.58
10641.73
15559.75
12349.89
15263.40
16595.61
18163.39
12759.80
15117.90
17264.38
13549.31
13313.64
16029.29
12533.32
10984.24
9512.13
14351.20
10489.7
9359.78
14770.50
16337.90
12537.24
10552.6
13560.28
11547.16
14089.37
18768.24
10157.19
9500.6
9269.55
14466.54
18939.11
14639.54
11727.71
17970.13
14326.50
13567.30
10864.32
17863.76
9140.29
10953.25
17507.40
9984.67
13870.98
16059.7
9320.0
11272.22
18694.37
13392.27
9263.9
18974.25
17726.41
16156.31
9660.87
12367.34
12781.3
11382.82
12393.6
10009.96
10203.22
18754.56
12297.63
13487.29
15290.54
17116.6
10299.92
13846.19
17984.84
9616.9
9725.60
15797.90
14655.98
18499.1
17897.21
9015.7
13928.0
13328.61
13499.41
16568.63
9399.45
15399.57
15479.0
10724.72
14952.27
16811.56
11675.22
16537.47
15491.15
15434.25
12897.42
10841.76
17922.94
18755.4
16689.26
15915.33
14712.36
15139.10
9913.67
15710.15
15555.60
15247.80
14482.15
15616.1
12525.72
16362.64
11203.57
17951.55
13429.78
9898.87
11382.26
15559.76
12833.10
18341.92
15913.65
13315.68
9572.76
10754.8
16051.73
17028.19
16772.34
13350.57
12650.26
16452.41
17360.68
15550.9
14220.45
10540.51
17511.68
15503.27
15932.51
10596.59
13086.41
18911.18
13424.75
17066.55
15034.20
17523.98
11070.22
9468.48
12382.64
16525.82
11832.40
13008.64
15299.77
12120.42
13034.86
16089.55
9771.67
10962.40
16644.9
9096.53
17796.8
15066.72
16299.89
10298.20
15258.74
18284.64
9593.37
15786.21
15507.18
9125.43
16328.63
16718.31
12270.69
14999.73
15060.68
16296.5
10068.76
11076.5
11602.96
10753.21
13901.26
13302.83
16033.12
11388.78
12700.66
15786.31
17783.18
10831.57
9537.33
18320.63
15631.55
16807.74
15331.42
17770.98
18609.4
13145.7
16912.3
9005.91
14889.93
10190.41
16610.89
15969.88
17833.33
13799.92
14687.75
14969.64
9735.21
15369.64
9011.18
15000.1
17367.80
13130.51
13946.97
12929.94
18233.11
12128.51
12096.5
14941.6
10601.83
16652.4
13859.53
14959.91
9101.5
11662.38
9173.18
15084.43
16864.44
10172.78
16055.35
15349.32
15573.8
11188.44
14926.21
13303.50
17870.50
16521.65
17281.19
14677.77
17513.12
13847.45
18705.52
12579.26
16498.80
15732.37
15205.77
18898.59
14263.50
17800.95
9216.53
16774.75
10411.96
18169.8
14127.96
13426.37
18537.98
17679.33
15557.68
18516.47
12362.61
10313.60
17387.52
14050.21
18649.23
10192.71
18658.61
10657.79
9613.86
16113.69
11024.68
14734.88
16165.85
18859.18
12024.78
13130.2
17329.46
17657.75
18358.79
9366.97
12911.13
14225.75
12229.17
16343.30
13060.40
14936.85
11348.5
15701.75
17787.93
14940.44
11289.54
16253.9
17217.6
12686.95
11323.77
11935.86
316
13512.62
10545.78
18850.92
17159.58
13028.67
12007.93
12649.39
16189.32
16518.28
17851.84
17958.8
17510.78
18507.80
12544.69
10724.51
17227.37
17638.23
12984.30
13216.96
18147.3
18091.53
11998.2
9084.80
18303.21
17245.32
16895.79
9328.87
13777.32
10546.22
15100.41
16156.58
14860.85
12156.92
15986.94
17339.4
17321.49
16345.93
11876.46
16859.81
10384.81
12038.69
15012.53
13740.20
18555.22
17166.83
18557.13
15334.40
12820.23
10613.14
12215.18
18645.14
9088.71
18207.17
9771.81
10495.80
14875.10
9490.24
16901.4
14380.45
10517.83
18463.88
14221.69
18196.90
10640.59
11553.9
16114.19
11743.45
14540.29
15518.3
14369.58
10171.71
17900.33
18484.30
12244.35
15961.63
10116.3
17539.10
17573.78
17083.64
17545.4
16772.15
18186.94
14566.10
14170.18
16390.30
15450.96
13488.43
11926.92
17503.64
10542.45
16283.45
17240.77
14347.18
12558.55
18731.93
9419.55
15819.79
16075.67
16036.69
9821.0
14489.61
14691.98
14326.24
15654.75
10140.20
14646.16
16206.64
9599.20
12405.48
17689.63
17965.31
18696.49
10418.66
13521.0
14369.98
14585.35
10670.95
12540.62
15247.25
16179.7
13743.53
17515.10
18416.13
9855.1
12272.2
11310.2
10357.82
13373.43
14130.64
16582.82
15940.40
13062.23
9797.51
10960.52
9501.20
16135.22
17316.81
18897.92
10117.57
15906.53
15649.55
18330.91
16575.5
16134.84
14301.73
14909.32
13236.84
12557.48
15630.37
17429.10
10008.59
14079.29
12920.63
12409.32
11082.13
14779.78
14884.42
18442.6
10517.2
14221.16
12996.57
14412.90
12806.2
18618.75
9838.37
12920.92
11669.17
10171.34
9329.41
16978.0
16600.49
9198.20
10571.44
15000.37
14272.14
18906.21
11352.1
12854.13
15992.45
11947.39
13224.73
18677.75
11220.53
18834.69
13485.73
13016.46
13274.42
10922.14
11911.89
17933.30
14496.4
16452.74
15863.59
15711.6
16483.73
17038.86
11878.76
10305.34
10268.73
15703.22
10656.69
13191.69
16638.32
10776.96
15740.34
17732.27
11254.77
11789.43
9195.86
18324.41
14511.91
11090.5
10431.92
15192.94
9886.40
13805.11
18967.83
13826.20
10461.60
13506.37
9016.40
12143.33
11127.62
16739.54
10785.21
18057.8
9779.23
14685.77
13542.51
16613.79
10125.86
9676.0
16766.67
17697.83
17456.33
9134.24
18145.83
16095.90
14561.29
11652.92
13603.37
13642.61
11857.13
9296.75
13909.8
14532.51
15680.44
12478.62
17062.69
15378.39
17082.67
13992.77
15141.17
13853.92
18626.10
14401.96
14566.85
11315.9
18428.93
17527.57
12225.37
12076.96
15620.61
16055.92
14082.7
16553.33
15298.91
15744.21
16337.77
15847.56
10806.97
16545.34
10348.7
11148.78
14176.25
16818.5
16439.45
10010.44
12800.59
14093.35
10499.66
13751.38
16896.78
11942.68
11149.71
17549.41
10093.74
13032.50
17658.18
18570.81
18560.62
13939.7
13634.84
16410.12
13015.87
12669.10
16855.15
15016.13
11620.6
16337.48
16803.5
10428.44
13684.66
16691.57
16994.18
18881.28
10002.25
13554.85
16122.85
9423.54
16172.44
12003.26
10569.12
16131.50
16034.21
10662.90
707
12091.35
16742.56
13130.57
15546.44
16317.67
14097.22
10358.11
14612.88
12861.83
15847.49
11456.89
11228.56
10710.58
10215.47
9784.64
14588.46
17844.69
11427.22
16118.42
16069.22
14777.91
18278.13
14605.73
12163.8
9695.60
9125.2
13589.64
12684.76
16826.31
10533.77
12656.91
11485.89
15803.25
17178.85
11941.76
13710.74
9118.50
17559.67
16934.85
14190.77
17084.33
17132.95
9372.35
10677.17
12067.93
12161.56
15684.18
10927.46
18615.56
12762.8
13409.38
16627.98
17812.68
9251.9
16908.42
10727.0
12460.64
10371.71
17028.66
10086.63
17963.82
13171.45
11598.65
14488.42
17908.20
13769.55
13074.32
16844.45
10287.20
11336.52
15240.39
16893.36
15626.46
11588.1
14016.93
14750.72
13274.84
11332.72
17723.8
14437.73
18774.64
16300.86
14308.80
18438.93
14944.82
17495.62
17541.98
9941.24
11004.2
18822.57
18909.89
12705.66
17197.48
12760.25
15561.55
9904.82
11108.25
15535.13
15053.95
15716.4
9451.54
12239.1
16952.61
9511.97
13062.47
12329.55
17609.83
9859.10
14775.63
9079.84
9168.32
14023.36
10891.31
15045.60
9235.55
15295.6
13325.29
15030.63
9066.29
17585.51
12227.14
9804.13
10653.30
10347.27
15282.57
11469.10
14113.76
14080.46
14403.93
13950.36
15591.69
11677.59
12483.46
18545.85
14250.80
13030.50
11749.43
12018.91
11850.87
9888.66
17496.27
17288.34
16202.23
9615.11
16197.85
13597.65
14866.83
10056.50
11334.46
18250.4
16788.70
17766.21
9820.19
16644.87
11502.28
14507.49
17242.29
9961.56
12515.62
13402.66
18845.9
9853.97
17978.54
16764.24
10567.80
14249.25
15647.84
15245.63
11151.56
12842.6
17774.3
11005.38
18497.37
17812.81
9894.59
9077.42
17566.75
18154.60
10897.86
14209.27
9284.13
18172.16
16177.96
16103.95
14658.30
15686.33
15647.55
13152.63
17009.63
14508.88
11532.88
17698.87
18221.67
10347.90
10122.33
16286.19
15070.67
10043.40
17227.13
17927.13
14444.39
10022.74
16009.17
13587.84
13492.81
15626.0
11033.2
9826.33
14881.35
14076.23
10433.41
10115.11
14173.75
9750.70
12008.86
18991.31
16996.28
12247.17
11540.42
15376.20
13282.76
15760.93
10032.5
15626.46
18760.48
9269.8
15769.10
17697.95
15246.69
10696.73
10830.46
9411.80
18052.10
13831.15
13197.1
10329.75
9563.54
16499.52
14677.94
13860.97
13883.65
18335.30
18218.22
18948.60
15537.86
12776.46
18683.37
13545.4
9550.21
12032.98
12288.55
18579.93
17804.43
17150.65
9259.42
11622.78
13493.66
15796.81
11695.31
17232.76
10092.72
12951.49
11548.46
11214.54
9576.71
16846.86
11313.27
9420.33
16208.26
10950.8
10582.60
17963.74
18234.93
11490.14
14207.97
12865.41
18083.12
18778.77
18016.40
13730.25
18943.86
15162.37
11706.92
18725.83
10505.67
12735.83
17952.72
10866.54
10161.14
11820.87
16784.58
18019.78
9854.16
17499.28
16141.88
17519.67
17509.63
14693.86
16616.72
16483.70
18798.56
13913.65
15620.14
12289.93
12840.86
13149.36
11794.9
13844.15
17317.71
11575.79
18276.93
17895.32
11128.51
18001.10
18064.85
10569.60
9406.36
16613.71
18614.46
10159.75
12363.45
10431.74
13828.25
11510.75
14970.31
13956.53
17883.0
18383.77
16496.4
12459.71
10221.67
14423.31
13215.58
14006.51
15642.67
12636.34
16826.37
11514.62
16694.97
17504.55
11813.90
14262.53
9016.90
18060.39
18382.18
13073.83
9253.45
13936.87
14236.16
13650.5
11460.64
10883.91
18705.46
14646.58
11126.88
16415.74
12963.19
11988.70
12674.56
10491.2
12625.20
15365.56
16764.96
10050.65
16595.80
13878.93
9338.8
12047.41
12863.36
9146.1
14547.12
16280.4
11942.98
18841.40
10374.83
11378.24
18601.26
10581.68
9044.23
15718.34
13684.4
13047.46
10062.10
16770.65
11139.86
16266.70
10830.37
18901.31
16520.48
13093.87
12780.12
15597.34
10566.90
12451.59
16161.34
14602.17
17119.19
12220.46
12096.49
9459.72
14258.75
14626.34
17624.19
17213.47
10623.32
16742.97
14130.45
10488.81
14221.32
13659.49
16814.33
15932.1
15262.25
10466.78
16494.56
16298.8
18651.93
15193.44
13804.5
16124.78
18417.26
13534.81
17262.6
12947.7
12667.2
11218.3
14219.22
16414.84
14655.49
16192.21
16158.12
13959.36
12767.69
16788.16
17263.71
13999.10
17835.68
13931.67
17260.51
9580.13
12837.30
18760.85
13654.18
12242.95
11407.31
11515.69
10277.42
18078.46
13979.86
12616.84
13483.57
12626.54
9852.82
9415.2
9139.96
16392.86
15498.28
14737.75
9679.42
16814.9
14766.85
14355.14
13156.84
11088.40
16652.22
17729.28
16023.16
10805.5
12616.3
18693.31
18567.18
13084.24
13238.90
12570.89
10504.68
9708.4
13418.76
13315.84
12201.76
16709.28
13812.46
18340.77
10497.35
17767.57
18717.85
17868.37
14546.6
10703.49
10829.57
12758.27
12010.37
9605.82
12235.47
15002.71
9379.90
12642.20
18205.55
15083.95
15832.77
14815.28
12311.40
11186.67
15692.25
10345.40
14515.55
17207.9
14923.94
14953.1
15436.57
10946.63
13722.71
13711.81
16627.78
13629.18
10997.29
12712.22
16831.11
9517.15
15140.5
18397.16
18670.20
15532.49
11769.13
10103.56
16144.22
17725.15
10342.3
11145.18
12287.72
15132.37
18922.79
15944.70
14744.47
13981.23
11028.38
15244.10
17335.59
16292.71
16966.9
12013.42
9501.47
18681.22
13232.53
12517.28
10305.75
18156.27
18495.22
10685.44
18914.80
15179.20
12749.4
12640.74
10552.88
18540.38
17384.73
16332.26
12349.37
16081.65
14192.89
10452.17
9249.58
9428.19
12061.43
16687.48
10485.29
13917.39
11642.98
16319.96
11194.59
9064.83
17469.12
18463.50
9762.59
14751.40
12496.9
17803.11
9516.0
15193.45
13049.91
15552.63
9450.60
9769.51
15379.17
12638.45
13003.77
14503.7
12803.39
9643.37
16863.70
15871.42
11655.31
16808.43
16609.83
12101.73
9585.81
12545.93
16475.39
13128.2
14106.90
10483.30
13173.74
16935.55
17304.90
17893.8
16677.66
9231.37
13142.5
12504.28
17393.69
15115.61
11610.35
15367.90
9327.96
11995.28
9966.36
13543.55
16816.93
14820.20
16409.3
13993.43
12182.78
10771.66
18616.61
10781.69
17232.94
12341.76
12908.82
18984.2
15555.55
18669.68
9162.89
14366.0
12043.33
9451.66
11252.48
10890.5
16021.87
14464.8
14288.64
13647.74
10493.5
12419.87
13048.17
14989.68
18086.20
13478.61
15222.57
16227.90
16382.80
15069.24
14827.64
13126.52
16973.98
14837.96
12187.37
18486.21
10177.22
11785.31
11660.95
11182.9
13432.31
16347.25
18208.31
15272.75
13957.70
17929.37
15654.25
15336.83
17997.50
13241.85
14362.51
18568.29
18337.13
17118.8
10128.54
15449.24
18664.83
17920.72
17371.61
10814.25
16534.43
15816.65
9151.52
14168.89
10677.29
16685.87
14841.79
18932.51
14960.71
12529.0
16406.74
10705.10
9126.69
11294.72
14818.25
13529.62
16556.58
12893.36
9849.77
18561.11
13822.0
14919.82
16204.12
11195.72
15605.91
11957.6
17406.93
82
17532.62
18727.92
16458.20
16911.57
13096.46
16407.24
15458.60
16717.64
12995.50
10256.47
17520.71
18558.2
9064.69
9993.59
15392.66
10508.53
12648.68
10010.22
16775.32
9972.75
9883.61
9027.32
16552.50
14383.84
14411.57
17910.30
9099.10
17320.83
11806.3
9591.14
16673.16
15827.96
12335.11
14131.73
12111.95
11981.20
16188.47
9392.77
16104.47
17992.94
17766.93
11799.31
18075.55
10733.84
12136.56
16432.29
13423.62
13835.56
17448.42
14220.16
17775.77
13610.95
12913.83
12407.21
12481.35
11589.33
15654.41
12817.33
18211.76
12962.53
13226.14
18509.5
17357.6
11760.49
9664.90
10070.86
14238.97
10754.90
18739.52
18225.10
12913.25
10820.15
12554.5
18000.59
16540.64
14113.12
16061.92
15769.54
14319.74
13928.45
9214.67
17126.31
736
18880.22
9474.62
11886.55
10659.56
10867.60
13607.1
12930.79
10397.71
17838.90
12009.84
15285.5
10484.79
15060.28
17733.75
10946.74
18146.68
13199.83
18572.26
18666.76
17139.35
11513.0
14390.44
15471.12
11392.67
11656.64
10474.6
11885.36
10109.75
15777.27
16357.22
15733.89
12254.95
17827.21
13370.11
15762.1
11731.36
16960.77
17423.75
16613.96
11445.91
17920.95
14564.28
12229.79
9752.94
18219.53
16786.10
12668.8
12237.13
9218.27
12692.28
18173.67
11608.27
16249.43
16916.34
17198.45
16836.97
15984.20
14276.73
15425.28
11924.8
15841.83
16949.21
17102.21
14708.19
16850.57
10653.74
17528.10
9508.69
10644.1
15992.89
10490.27
12312.88
13581.11
14040.48
9969.27
12003.18
10378.69
13672.98
13843.70
16800.38
15134.64
15068.49
9066.11
15792.24
16705.21
16904.58
10316.98
16669.94
15158.7
12256.45
12377.96
10290.43
18916.0
13235.56
11696.59
12805.92
16841.5
15196.97
18154.58
14970.25
18476.33
15054.25
10444.30
18394.38
14489.62
13729.70
10614.44
18974.25
13687.53
17994.11
17950.75
17917.37
14378.42
10051.92
13454.54
16744.77
16249.1
16427.16
15578.22
15295.65
14824.36
16287.43
18748.46
17025.23
16823.49
10818.11
11523.34
18917.2
11201.80
14138.77
9694.15
15937.19
18384.55
15636.44
10187.89
13383.60
15660.42
12506.6
14283.70
9844.85
13902.62
11584.42
15102.44
10679.75
15174.38
10310.59
11403.5
13812.66
17964.13
16751.34
16084.17
18867.27
9156.96
9152.44
10256.61
10250.83
15363.28
15288.21
11688.67
12472.96
16489.46
11083.58
18381.35
17033.9
16399.32
13849.48
9622.37
17227.9
9793.8
17921.0
11080.82
9912.92
9359.7
18964.79
16872.7
13614.81
13570.33
10607.2
11648.61
11298.13
10776.52
9883.43
13568.34
18528.25
9194.2
9115.11
13973.7
18774.91
9931.15
10084.89
18527.48
9518.72
14099.8
13402.44
17117.81
9498.59
15551.16
17643.25
15844.51
11833.91
18324.73
17369.35
9327.2
18630.94
13235.97
15414.35
11764.52
9564.22
14409.78
17314.24
17018.23
15123.95
15546.84
11041.86
14641.68
18485.88
13174.78
18264.21
11350.49
11112.95
11313.95
18404.88
17163.36
14645.6
13935.76
18803.76
14476.13
12875.36
16045.90
17117.33
16143.98
13004.98
14457.44
11171.57
10219.31
12449.39
14514.82
10313.75
11821.38
12601.33
12622.7
12414.12
14683.79
16473.18
18558.68
17118.27
12193.74
17020.44
17095.44
14514.10
16179.53
18198.3
10816.74
11722.53
12822.54
14098.25
11432.96
11895.81
11153.82
12547.44
14959.51
17414.18
9140.95
15859.40
18329.61
9254.13
10336.96
14553.49
15317.90
15846.78
16303.87
9288.5
15808.39
9554.59
12551.84
16025.72
17470.73
10368.59
13577.49
12199.7
15953.48
9415.25
18258.35
9498.11
9596.75
17419.68
14640.93
9338.46
17242.56
13113.53
16697.7
16656.76
11930.15
10131.47
15308.32
16767.75
9487.72
13254.23
13151.70
17025.31
17448.21
14351.8
16855.70
14592.44
18286.55
16891.67
12549.23
18504.39
12628.76
9339.1
10317.37
18549.87
11641.71
16902.15
10260.42
13244.89
14076.45
15501.75
10638.47
18029.39
13503.19
13260.63
14172.47
9884.76
13399.84
14088.31
14682.50
12873.30
10144.27
16819.65
9407.92
17465.30
17012.49
17416.48
18763.24
12278.1
16070.91
17671.83
16655.64
16394.62
16131.36
9475.71
18823.10
9192.7
17828.45
18724.4
15427.28
10071.70
14859.38
12145.72
18637.4
15241.6
12963.35
14301.33
9820.48
9025.46
16881.86
18820.67
16553.16
10375.33
17024.48
10969.96
14640.70
10595.50
10584.85
12474.71
10164.93
13280.83
9980.63
18450.26
17628.8
15104.92
11680.89
9565.88
14937.35
11967.66
18392.56
10117.55
9681.31
18236.36
12804.27
18838.6
17777.81
11800.47
9051.4
10559.53
13430.44
14188.4
15292.5
12696.37
9397.12
17895.21
13304.66
16526.94
14428.80
12602.16
14824.35
15906.25
9262.8
9711.58
13661.42
17992.24
11638.56
17905.18
11637.20
12864.1
10970.58
18176.98
14476.93
12964.22
18816.24
11842.78
12711.56
15594.75
14806.75
13287.75
14928.45
11262.5
9164.27
9200.62
11826.77
17540.75
14881.80
12774.59
16123.69
13966.48
10657.16
14284.55
16556.30
14693.36
10888.62
15534.22
11316.13
18086.10
11669.48
16985.83
11407.33
15643.58
15947.32
14998.86
13508.96
16362.97
14125.61
16885.82
16229.78
17748.96
15263.32
18637.49
9432.42
16411.81
16066.26
13948.14
13626.21
13114.69
13712.88
14644.54
16428.90
17089.95
17357.0
10587.43
11257.98
16408.20
10970.56
18803.72
11121.25
10855.86
17962.16
14013.10
10098.73
10514.87
14591.35
16735.44
11869.93
14573.75
17151.21
18517.71
12847.56
10632.48
15676.59
17220.8
14001.72
9689.35
18583.97
12905.23
10181.21
11845.30
17930.51
18791.80
18109.14
14729.38
17876.74
13021.52
13877.1
10246.40
12441.20
15702.44
11246.44
17759.78
18445.19
17864.10
13435.11
16398.93
13993.14
16868.5
14258.28
10364.62
14197.51
14915.30
12743.12
10627.12
11979.17
10980.22
11073.34
16056.1
18755.1
17497.91
12981.50
15612.70
11141.57
18429.91
13430.17
13239.82
17883.65
15053.18
16315.81
11515.8
14066.84
14520.60
16938.29
14009.68
13848.71
9940.38
17458.44
9508.83
17384.81
16999.84
16083.28
17794.65
11392.79
10296.69
10584.11
15354.57
16363.9
9141.12
9803.76
18347.67
16713.40
12537.67
13191.13
15771.83
12982.28
10743.92
12361.32
12383.47
13441.37
17165.70
16548.96
18028.40
11745.41
9213.41
16025.32
17256.64
11552.13
16262.54
11190.83
14672.17
17803.1
18942.65
9656.63
9622.42
9709.30
12828.47
15010.37
12169.29
17378.39
14008.94
10999.75
11846.41
10409.89
16648.11
13141.30
11475.83
12439.37
13165.60
11095.60
10897.3
15278.14
16414.16
13934.36
16395.27
12021.11
10420.44
17371.79
18573.73
16078.79
15083.39
15893.14
12219.37
16328.69
16131.51
17523.0
17580.19
13754.3
18793.64
18281.75
18353.11
11296.14
16323.72
13095.41
12152.59
9469.30
14096.25
9499.18
9398.91
11052.57
16251.15
15559.97
17081.69
17177.68
16354.36
10415.26
18760.30
15536.2
16084.30
9332.47
17156.61
11176.84
9868.18
16919.46
15855.87
14149.55
15899.59
15289.37
14725.50
18206.62
17276.49
11490.30
12390.25
16824.78
15009.74
12414.41
10663.3
9121.21
9970.26
15502.32
13364.69
17283.16
15063.35
11595.59
10742.58
10220.68
10480.10
9759.83
14441.30
10696.89
12092.86
17320.41
12405.54
18991.10
11835.29
13905.92
13497.25
13815.29
9465.59
17701.43
10916.10
13930.22
18985.8
9970.55
13273.64
18581.44
9481.73
17473.40
18048.46
9966.9
10309.89
14434.71
10765.8
18071.73
9364.86
16142.82
13046.28
17381.15
16762.10
14810.75
17370.13
14753.26
14997.4
14441.13
18042.16
12280.20
13984.21
14214.21
14316.90
14331.93
17409.13
13313.71
13547.81
15487.75
17397.54
9697.65
9393.71
13674.51
16028.57
16788.20
11876.83
18125.79
15135.31
9961.31
13976.93
12484.96
14118.98
11194.44
12195.51
13679.71
12683.71
16416.71
13530.26
15818.13
11207.86
9332.55
11027.71
14647.72
15501.32
14966.22
18252.26
10215.30
18952.83
15740.5
17443.93
16445.41
18499.10
17906.5
15952.34
10939.18
12035.49
947
14062.22
17945.60
16286.37
14543.42
10158.87
15331.90
10298.42
17621.14
13535.54
17243.18
14892.97
17271.22
11761.66
13565.51
18735.88
10571.74
12974.29
9725.29
11422.96
11727.25
12966.32
14461.94
14151.76
11415.52
9476.94
10756.47
15468.1
17994.25
15727.7
12854.50
18453.98
16611.3
11295.57
16391.90
9957.2
17298.36
18177.29
15541.9
13194.36
12070.35
11319.29
9095.20
10206.51
13369.94
14353.19
9748.50
9001.65
13585.42
18400.81
12366.74
11095.49
10634.20
17127.38
17304.83
12483.86
18696.1
11553.1
16294.44
14233.67
17044.8
15239.79
10745.4
15208.9
10241.65
17307.79
11318.76
17975.47
17026.8
17479.20
11128.55
9408.10
9470.20
16968.77
12072.58
14780.1
15492.30
11613.23
16315.23
13567.79
13430.22
14867.26
18628.86
12405.91
17297.54
15688.83
15551.18
17602.66
9058.0
10138.0
17828.87
9600.22
10641.79
12557.48
17387.76
12865.91
12703.84
11269.96
9927.88
12690.64
12911.2
15001.52
16476.37
9188.56
12879.61
12369.93
13596.55
13380.63
18887.60
10545.36
17766.37
16443.35
14143.42
17506.93
10739.19
10646.74
11575.3
11464.39
13955.45
15642.75
9330.49
16894.52
15685.83
16515.38
15563.25
10198.78
13471.1
13152.83
13705.42
17388.71
10206.32
17446.79
13034.70
15537.72
15267.12
13176.20
14895.16
16876.66
13344.83
10856.42
16157.77
11589.69
13399.29
12947.18
14751.28
10901.32
17722.31
16092.91
12962.29
13449.17
18513.10
12180.3
16047.4
16044.24
18152.72
17651.94
13658.82
13290.25
9686.14
13513.84
12276.28
18747.97
18466.25
16458.60
18525.53
15362.93
15885.11
16150.86
12303.64
14324.0
18446.74
10469.81
16920.57
18513.69
15700.46
16747.10
18497.68
17327.34
16038.96
14095.45
13045.69
17305.13
16352.34
13864.92
15001.9
18463.30
12220.87
11255.39
12043.17
11450.11
13851.61
15071.36
13044.28
18663.19
11888.61
9350.74
15216.1
9568.9
9463.85
9576.29
17325.93
13616.74
12675.70
14389.23
16696.21
11813.46
9740.54
12247.10
11339.49
11220.7
9373.91
17513.39
16578.68
11862.25
9866.49
9859.45
15182.12
18792.24
14051.30
11928.67
14724.80
16999.32
16331.95
16601.14
12213.67
10250.53
14096.1
11880.49
14196.40
9716.21
14533.27
13309.34
18755.82
16926.21
14634.2
9258.62
11948.2
9527.14
17561.34
15302.39
9654.45
10713.59
9019.83
13776.14
15687.82
12982.11
18772.98
15641.48
17745.0
9686.93
14421.57
17442.83
17258.51
14001.53
12449.21
13946.84
10559.81
15205.13
16604.50
18498.85
11827.62
18216.39
13475.40
17479.42
15776.55
9304.39
11813.90
12272.69
9419.17
9595.24
11281.13
13324.2
17552.50
17123.58
16863.40
18504.30
16453.40
18642.60
9930.55
10501.16
12638.37
11608.22
15903.76
9227.68
9506.14
16542.30
11716.96
18331.19
17748.44
9129.47
14075.21
12654.85
13706.45
13457.38
10417.49
15046.10
13115.9
13210.11
9887.23
10044.78
10613.68
9532.60
15805.36
17302.13
12670.58
13868.66
13417.35
16626.36
17170.95
16463.77
13393.28
16346.28
13869.19
11230.21
17699.15
18854.77
17213.4
16345.49
11954.19
18627.22
9432.17
10723.51
18370.35
15677.30
13137.61
15184.75
15706.92
18743.23
16791.42
9036.52
16952.44
18506.41
11980.67
9239.87
14204.49
17912.60
9713.94
15837.18
15336.98
15680.60
15711.54
10708.47
11746.40
16697.58
15128.15
18732.41
12975.40
11949.4
14147.69
18242.90
18406.97
11339.82
14141.61
11907.20
14395.46
13655.17
17803.18
10875.47
9518.34
13792.40
12657.15
16079.3
11819.61
16292.59
18569.95
17317.47
13689.0
10800.85
15185.29
13012.18
15999.85
15390.75
10383.97
12704.59
9542.27
13901.78
14725.77
13536.96
17361.86
11863.65
17362.6
18611.75
17189.39
14586.65
11470.64
11306.41
13618.17
14272.51
18665.39
13256.46
15529.7
9759.7
16489.5
12502.19
16123.57
15486.72
16546.93
16593.69
12860.8
15461.0
18129.15
14800.20
9167.58
15102.45
18104.76
15392.61
11219.17
9591.62
11446.69
17263.12
9459.64
16758.89
12550.32
15444.91
13882.90
9093.8
13376.33
9464.34
18669.93
16080.83
18628.73
9759.50
15975.11
13259.11
10796.95
10694.7
18976.6
11965.18
10156.55
16289.73
17667.98
11754.47
18627.6
9291.20
11488.60
13422.70
16195.49
9315.23
18235.33
18943.40
12450.53
14992.87
16442.44
12305.93
13719.13
16340.41
16977.48
18135.41
15017.68
12253.55
18502.64
15974.62
10912.44
12572.71
13569.17
13884.5
14153.57
13149.28
15185.95
12897.98
17050.89
12348.19
13036.25
15336.91
9965.21
13912.22
15321.67
18869.96
17232.68
14734.85
15956.78
12524.55
13198.80
16408.36
10481.6
9344.83
17895.71
17262.31
11527.62
18337.89
15893.64
9312.65
14192.93
16800.41
12622.29
17930.47
15856.17
14392.42
15480.85
13142.72
15810.13
9196.84
13531.58
13989.78
14762.34
12255.3
16632.77
17573.29
9101.30
11600.31
11612.94
16007.66
9337.79
12227.9
16904.86
16483.54
17208.37
15772.82
17842.52
11501.13
17792.29
18963.85
14677.83
14600.74
12967.81
11206.71
18731.82
17752.88
13317.46
12237.25
14701.76
18640.32
13752.18
18352.7
9878.77
13551.56
12963.35
11446.10
11107.55
10770.29
11599.87
18006.14
18542.36
17750.30
15090.96
17785.15
18060.34
17405.85
10190.59
12758.24
14964.10
17091.40
14528.22
14919.61
10288.33
9062.10
17018.91
17921.88
12178.23
16772.8
15011.71
16413.89
10335.66
10587.57
18928.64
9946.61
9007.59
17523.20
17632.50
11226.53
13836.71
15512.2
16708.86
15767.88
12105.7
15508.28
16449.16
15891.81
18739.91
16662.8
12823.18
13616.30
9350.70
17421.55
12934.29
14255.4
18288.74
16977.59
16200.93
13236.70
14636.43
11125.76
10017.15
10870.40
12846.96
12128.62
13493.15
9556.89
16237.38
9178.3
14978.54
11646.64
12552.11
13967.86
10719.70
9114.3
11651.55
9442.69
12960.36
9777.76
17197.55
17180.46
17002.29
12885.52
13067.80
11763.33
14848.62
13367.60
11384.19
11857.74
10242.3
10459.3
10562.57
16562.26
15918.79
18681.27
17597.39
9509.3
11950.8
17191.32
13810.11
15118.19
11715.60
11763.43
15173.25
14554.69
13943.94
16661.82
10619.42
17380.43
15267.10
9004.56
11274.40
13168.15
10260.15
17594.33
15017.12
18432.97
10551.29
15535.50
9519.57
10491.78
10807.87
10968.2
12433.70
17316.50
13761.13
16269.26
14186.64
17612.98
15500.87
14220.6
17272.83
16601.68
18552.43
12899.64
14281.33
10886.52
16247.4
12220.49
15906.97
15733.51
11561.3
14055.63
17143.16
9546.47
9874.93
12512.0
18476.53
14321.86
16953.83
10804.95
16315.95
15675.39
12897.98
10595.71
16784.84
17823.3
14034.0
13445.55
16546.28
13172.19
18815.52
15623.95
14149.86
13671.1
12869.35
18040.87
15519.42
11098.27
10963.11
12924.33
13725.21
11797.83
18330.2
18288.36
10290.38
17001.48
10144.72
15748.94
11920.26
11099.25
13248.91
13325.86
12208.37
12887.69
18173.12
12975.43
12264.37
12658.52
12070.65
14823.66
11759.40
10818.93
13800.56
15549.68
15339.83
16214.38
11493.6
13058.4
16019.39
18928.88
11109.73
9092.82
12379.57
13320.47
18401.22
16163.24
15671.23
11417.73
9252.3
17247.58
9319.35
12530.58
18705.22
10217.81
10886.33
11917.10
10401.1
17425.15
18464.28
12935.78
14592.70
16378.9
11783.17
15438.72
10466.23
18627.6
15499.27
12654.97
12450.26
11928.6
11369.49
11036.65
10559.9
16608.8
18558.39
11593.81
17993.88
9117.4
11471.73
10164.26
16592.5
17426.52
15654.95
15647.77
12304.27
17145.78
17126.2
17500.25
15994.21
18765.42
13003.20
13406.68
14033.15
10125.12
16430.46
13145.81
18433.69
18114.81
16356.81
17896.82
17041.45
14390.85
12574.1
17557.52
11703.42
18824.79
16032.17
15055.67
14105.19
11274.19
14821.15
12909.14
10695.32
13046.47
10489.54
17768.24
11687.88
11050.43
9753.19
18533.10
14281.86
9162.20
15291.37
9730.34
18749.64
15635.19
14776.51
12530.63
18920.27
14579.96
12223.38
16292.78
13858.31
17524.14
15301.15
18067.8
12767.15
12895.5
10799.14
13159.6
12982.89
12472.58
13043.54
18933.24
9930.30
17077.60
18861.41
9064.93
10063.61
15683.19
15645.31
14298.77
10332.51
18527.95
9171.20
10033.42
16184.23
15615.50
10507.19
10544.55
11061.91
11943.16
10343.57
18346.3
16947.16
15123.93
10779.46
16709.90
12319.52
11596.63
16274.86
9347.80
13486.3
11038.83
12510.4
10134.70
18556.56
9198.27
12436.95
18657.29
14573.49
11328.58
12554.92
12169.91
12625.34
15715.14
11098.57
17061.25
9376.25
14281.80
9034.48
14810.22
15845.37
15841.16
10905.76
10665.44
17631.68
16536.19
9382.50
10762.1
14526.60
16610.2
17243.8
9560.74
17475.34
17858.61
17608.4
9804.84
12381.32
11087.75
15849.46
18118.33
9449.21
15722.70
9063.60
16542.54
18666.84
18565.36
12527.79
15529.27
17670.66
12217.96
15407.70
14436.13
13371.80
10428.10
12979.5
18405.38
18904.93
16963.97
9963.80
10908.72
12361.5
17539.56
16950.20
14243.96
12159.68
15602.53
17834.72
11059.39
14913.51
9778.78
9385.90
16024.82
11662.26
15608.33
15844.27
15959.68
11693.13
12446.13
12270.6
18967.18
12502.3
11347.12
17608.37
10893.28
13246.97
16118.42
11854.25
16625.69
14482.1
10846.55
14454.7
17884.57
16007.46
10495.53
373
10463.69
16226.82
10757.33
11993.74
16807.86
15763.81
9986.5
18685.18
10724.39
15963.27
18752.23
16765.46
13527.14
17268.88
9112.20
15933.64
16955.61
14960.27
9073.5
11229.78
14525.65
13712.82
12091.27
13344.94
11303.69
16126.4
15950.77
18668.35
18860.17
10039.72
11833.61
16900.23
11132.81
9501.17
14518.54
11790.75
17074.52
9259.84
17252.60
17684.43
14912.98
17963.19
12405.96
16044.64
11920.76
18590.50
15055.72
11894.60
13054.24
18449.40
11477.70
12321.92
15094.74
9772.1
17184.53
13901.63
10619.90
15015.28
14200.35
9994.2
10142.30
15577.48
9778.23
17089.55
18218.86
16109.20
15129.10
13950.77
9363.88
15569.19
10531.22
10700.94
13391.63
9878.97
16126.13
9415.9
14160.51
17169.44
11816.65
12475.19
9148.94
9082.7
12719.51
17501.89
12459.62
14333.79
14598.88
13492.93
16452.94
14933.47
12595.92
18198.50
18693.11
12750.14
18978.93
9897.26
9514.70
11757.91
14068.14
10019.57
18033.88
18870.59
11442.9
9973.27
11438.45
13473.8
18606.28
16493.77
16391.52
13514.13
13821.23
12849.30
14446.70
11272.11
13216.2
10747.60
17700.4
9585.66
17684.70
10036.15
13816.67
12508.49
10885.80
15427.34
17597.17
18350.76
18056.84
10458.30
15157.30
16721.39
18726.10
11680.20
16438.14
18568.28
16528.81
12597.97
11466.64
18471.44
9810.72
15332.79
18543.27
14531.26
14234.61
14806.66
16072.98
9821.21
18348.0
14225.23
18471.29
18260.98
10751.91
14695.58
11666.41
13921.1
16417.81
18237.1
18639.33
10912.20
10757.84
17969.85
16598.87
14629.90
14996.46
9084.2
11000.61
17818.84
17554.93
13321.7
15032.44
10049.48
12199.84
15763.33
14054.72
13064.12
18098.36
10994.39
10879.3
18994.9
10181.40
15046.24
18422.10
18637.52
11082.49
10901.38
14904.64
13268.16
12237.32
13646.66
15059.1
16807.62
13447.74
17205.57
15480.28
15906.24
17277.76
18900.68
13169.53
13732.90
18848.78
16069.93
18583.13
10208.91
14073.59
9168.47
9916.34
17993.91
15833.8
13393.83
10749.13
12679.1
13252.52
15782.76
12117.88
12728.9
13499.92
17717.9
13839.12
18607.50
11131.57
16397.28
13102.7
10114.0
18941.68
9601.48
15807.88
17069.70
13212.18
11184.47
11717.13
15646.70
18414.55
16651.11
16993.78
9518.38
12385.58
14876.24
9659.87
10127.76
17850.4
17643.37
17712.73
12069.31
16916.54
15605.95
12870.31
16850.70
13967.45
12890.54
18111.40
14788.54
11324.60
11688.60
14007.1
18936.2
17247.61
14867.95
10644.46
18884.24
15895.3
15547.64
15093.82
9402.21
15251.15
15724.49
17700.66
9563.53
15881.82
15712.73
18770.50
11097.88
16932.12
10328.42
12254.9
10841.55
9406.82
16266.46
18138.52
9263.93
17312.41
12455.20
11203.46
9742.34
15325.85
16324.11
12159.80
9464.44
16387.79
12371.47
14709.52
16142.2
18953.19
17966.0
13781.14
16184.36
17920.34
15458.64
16362.28
15560.9
12711.4
15135.46
12307.15
9665.75
10097.75
13039.83
10953.24
18274.60
17293.31
16350.12
9174.51
17872.2
10527.2
15570.64
14235.60
14281.42
12368.90
17520.47
13369.79
9073.98
14925.44
17624.80
16997.65
18786.10
17843.97
11069.44
17023.70
13463.33
17975.10
10144.2
15869.70
14860.33
13194.31
12264.63
18917.2
15733.63
9153.44
9074.13
14960.83
12496.8
18700.44
12820.30
11858.95
12626.84
11022.60
11396.72
16548.28
18128.89
17989.84
12010.67
17433.17
10102.31
16805.71
18440.70
16388.65
17569.33
13854.30
10164.20
18730.24
11250.28
11265.86
9643.17
14608.5
16908.70
13867.60
18856.74
12365.65
13590.36
17486.50
13937.86
12318.83
14667.21
13952.80
17589.36
16974.43
435
9240.30
12429.6
12798.68
9665.13
9771.72
13604.31
10301.14
14013.83
15753.85
12761.35
14066.72
13647.20
13924.33
13531.22
14805.5
11393.28
15265.49
17802.75
10727.45
10164.73
9107.36
11922.63
9387.41
15584.96
18683.38
11473.25
15669.82
9691.95
10302.5
16551.53
12298.2
14856.41
11119.15
11331.67
15831.6
15344.74
10968.47
10051.89
18906.86
14848.14
13333.15
16042.32
17145.82
17947.13
14660.44
11907.95
15443.47
10226.97
15127.55
17760.21
12405.5
11600.0
9723.33
13080.39
12991.75
15570.41
13602.90
11030.85
13049.2
17548.62
12827.61
10372.89
11923.94
10536.69
11508.49
13712.8
14401.85
12990.5
9020.97
18457.36
13351.93
14039.59
11343.49
13406.58
13398.40
11454.92
16113.74
10200.10
11777.69
14439.17
18385.69
12902.70
15521.33
12614.70
11315.18
15905.2
14450.81
10972.94
14366.3
9538.77
14684.71
9694.44
18523.54
18187.15
9984.30
9290.39
16482.58
16860.53
17437.84
15897.20
9898.29
16419.12
14746.82
15846.39
13826.60
12581.28
18432.88
18660.75
11522.21
12961.61
15178.21
15580.50
10148.9
9368.68
14914.26
9338.93
10067.10
14865.64
15205.13
9630.76
11799.23
16893.2
13838.72
12891.52
18105.68
12571.44
17456.12
10648.68
13591.98
14542.16
18281.25
9022.78
18990.15
18865.25
13950.48
12578.0
10058.6
11685.80
14378.78
18610.70
9781.43
11471.37
12333.10
10545.77
11487.40
13782.32
18321.1
13820.96
16044.52
17211.41
10533.25
17800.69
18613.40
13840.6
9766.79
11179.66
12984.91
18840.78
10473.6
16945.9
13825.45
13784.6
9237.50
15162.58
15993.25
10980.1
17866.38
12822.78
13970.22
18823.96
14817.60
18987.25
18356.63
18822.52
16565.54
16493.13
12199.1
18241.44
17233.22
16070.51
11480.97
9105.93
11535.24
15178.12
17942.54
18594.46
9708.69
9912.66
18409.69
12598.2
10205.81
14717.25
18721.32
13193.31
15713.67
18534.97
12018.33
9539.98
18919.63
18411.0
18072.17
18972.31
13940.14
11549.18
13322.16
16676.8
12592.33
15284.78
13703.97
16620.18
13445.88
15961.30
12146.6
14721.75
9570.39
13630.83
15842.20
17479.43
13542.12
11484.16
18880.81
9743.24
15257.54
12138.78
12858.8
17728.16
13265.9
17471.17
18541.75
12180.81
11028.66
11458.72
14116.79
16005.19
17318.74
13874.17
11353.55
17023.69
17997.40
11274.58
9975.43
12863.44
18395.21
14355.68
18230.50
10753.10
18049.14
15481.2
10501.95
9175.81
14680.52
9721.28
16019.35
11996.15
11609.47
10576.23
17977.50
14177.42
13125.24
12662.66
10772.57
16317.92
14978.58
10339.62
18990.15
9002.25
18268.40
9056.74
14820.50
14008.50
13676.65
13719.84
11023.37
17378.85
12133.34
17559.35
16455.27
14728.60
15027.23
12617.38
10286.64
17040.5
9696.16
12194.78
16501.68
10298.58
10138.98
11183.48
17618.67
17365.94
17954.82
15657.92
18153.58
11547.92
14805.73
12902.17
15137.94
12998.41
15390.98
18701.74
17099.46
17773.3
18721.75
14103.80
13222.82
9091.45
15745.7
11289.72
14486.90
12783.43
12706.96
10086.1
11331.79
18380.98
13982.58
14317.44
15433.8
17671.51
16751.95
9846.26
12596.7
16853.38
13038.7
11592.75
16684.74
18871.60
15764.75
9289.59
11394.0
13168.30
17750.33
9458.62
18929.19
16691.21
14608.42
15006.89
14827.16
14898.61
9354.39
17445.19
16569.52
17484.83
18273.37
18780.82
13794.0
14396.94
12434.84
10433.70
16688.69
16396.18
13013.37
11501.60
18965.36
17761.75
14945.55
10062.87
10874.69
13199.35
10024.11
18168.41
16927.25
14716.43
12123.89
12781.16
11625.5
13107.67
16283.41
14535.92
13063.47
12921.49
16855.59
18874.8
16234.5
16229.33
13404.55
9430.24
12666.7
11750.92
18647.77
12952.50
13061.39
10614.22
16372.45
17593.57
16798.81
16796.93
12850.41
10734.67
10744.40
14695.59
17065.71
10184.75
17623.49
10224.71
9466.73
12246.10
18588.39
14871.93
17362.46
13747.74
18683.57
17165.66
9214.67
9970.45
10568.32
9810.2
18143.89
16717.79
11281.45
11389.63
9470.70
12626.32
15848.5
18722.91
12019.75
16723.75
12365.32
15236.30
11141.74
13593.4
15575.76
18694.8
9102.80
18837.3
18057.35
10483.43
9565.39
14937.13
12664.97
17977.91
15480.65
18385.2
17941.11
11480.93
14531.2
496
11107.79
12542.95
14283.79
9366.45
11714.16
14503.44
14862.50
13530.32
15981.14
17605.84
18374.98
12049.84
15951.62
13404.87
9554.18
13585.34
18362.81
12191.41
10784.12
17665.63
17854.97
12092.46
12837.25
13344.41
9516.10
9834.22
9958.77
17166.1
17907.22
13999.84
12103.72
13827.35
16711.49
12464.14
16927.61
9346.86
18002.84
16849.5
16414.10
9010.47
10494.71
15877.24
10080.76
12066.87
9317.15
11153.35
13001.91
11238.38
10350.43
12912.1
13184.27
17763.62
16697.22
11377.20
14158.13
11098.49
14936.35
14457.31
9370.97
12356.7
11941.89
13107.97
11489.12
10359.21
11048.87
14820.59
18530.11
14770.26
16548.88
10395.63
12239.12
14710.83
11468.83
11544.57
11396.32
18877.92
10409.5
13984.2
15682.28
9441.69
16967.43
16667.28
12549.48
12781.85
16938.98
9155.33
14021.58
15705.56
12385.32
15679.22
10501.74
12823.84
15892.5
18512.91
10503.6
14010.46
17918.88
15024.3
11467.26
18916.70
13981.34
16935.34
14937.21
12843.34
15593.98
13160.14
18782.71
16356.48
12142.81
11954.9
12173.2
12173.35
15993.26
9911.25
18003.26
15218.76
9899.96
15691.53
10497.96
14214.67
12761.39
11536.66
9061.76
11922.86
12112.53
9554.44
9192.45
10081.43
18276.18
11999.23
14523.62
10320.2
15075.9
14962.76
13897.40
11015.1
12255.25
10258.87
16148.81
18225.59
15409.66
14602.89
15210.83
15491.79
10379.0
15470.42
10412.1
18677.20
11153.98
10411.14
14872.40
13765.16
9682.80
14149.67
15555.76
9794.94
9505.28
17622.51
12079.17
17553.10
16308.33
16713.77
14517.96
15207.42
14733.92
16425.32
16397.71
12438.94
13565.52
11261.11
18313.87
9437.68
14804.90
15533.25
9524.49
15046.22
18166.87
11904.16
12853.93
17706.78
18434.15
12896.16
10025.59
16614.35
11273.71
12062.37
14634.49
10404.72
14262.24
15674.45
11080.35
18971.54
11831.62
11281.6
13691.26
17974.40
18822.94
12660.24
11909.67
18141.61
16501.3
12121.97
17407.4
13574.89
10519.69
14809.98
9320.98
10197.24
10360.21
11539.15
9818.14
11881.87
16089.13
9544.59
16816.68
16885.19
17242.19
13806.18
17237.85
15671.47
12333.41
15060.57
13613.96
12157.98
16088.11
17377.62
18914.68
10252.32
13153.58
18706.60
13186.14
18991.94
13950.94
14430.54
15882.20
11000.34
16286.46
9220.0
10669.72
13224.58
10778.10
12017.8
15565.69
10400.58
17769.34
14391.54
14049.0
10736.78
15532.59
14891.74
17324.34
15333.39
11303.0
16509.21
11635.34
11731.55
12391.98
17810.19
11721.6
12378.94
16668.97
16150.84
13153.93
18069.90
17757.95
15804.32
18204.73
11691.8
11395.9
10833.45
9990.9
17500.84
15664.63
16042.74
12872.80
18931.6
18190.16
9610.76
11321.53
15733.61
16344.33
9864.76
18378.62
9761.77
11812.14
18509.13
16158.20
13535.29
10672.98
11263.50
10998.69
12437.57
18276.45
16236.93
9078.0
14380.45
12858.47
15676.36
11503.7
10362.80
9031.35
14469.42
10585.88
12715.39
16934.73
10505.64
13524.45
12825.26
10693.56
17102.88
14030.74
10899.87
11430.56
17476.33
11364.37
15601.82
12414.5
14936.25
17428.94
9960.77
17333.53
11647.8
15464.66
12010.88
16533.53
11634.77
16299.8
16803.49
14812.85
16368.24
17822.92
15923.92
15040.30
12588.89
14214.81
16183.89
18719.10
15404.32
11654.31
9693.97
12232.92
14454.11
9564.39
11965.61
11240.41
9904.45
13303.90
12300.31
16038.54
16516.42
13141.86
14799.69
13529.29
15396.71
9675.20
12722.43
12121.41
9790.13
17785.14
11766.2
9441.59
11088.90
13202.83
16792.68
13981.41
18845.73
9007.40
14687.23
9552.47
13423.26
10876.58
10486.79
12673.23
14035.76
17737.67
15187.92
13175.23
9275.76
15368.4
18618.44
18727.54
12176.71
16811.63
9622.63
16298.85
11295.74
14894.60
9524.42
17763.45
13729.17
15064.93
18382.40
10896.90
17617.23
13076.62
11318.36
9402.86
18889.12
9709.98
11929.57
17260.66
12534.27
14359.84
15425.5
11321.88
13326.41
17423.30
17624.98
18718.97
10288.11
17180.90
9302.75
14453.50
12148.25
12407.62
13170.33
13006.12
17526.50
13466.31
15191.23
11458.75
14172.1
15930.45
12904.25
12742.21
12146.3
14152.80
18561.87
15344.63
12120.80
10491.92
13122.52
16699.73
16567.98
12952.57
14305.21
15980.85
18995.37
12331.20
15910.70
10796.94
10700.51
15209.51
9258.5
9323.49
17656.40
16021.95
9016.46
10779.95
18591.70
9397.67
13845.85
17078.14
16639.80
10443.83
13835.74
12662.26
15540.52
13149.64
17776.89
9177.39
14343.55
9210.20
13623.2
14646.47
9424.68
14463.62
18773.65
15461.74
13951.8
10018.0
16497.34
11673.7
9903.98
12540.40
9352.83
12463.15
12619.12
12759.42
17367.50
17809.85
10801.2
15765.68
16814.24
17044.14
12836.95
17903.13
9095.36
17074.14
10103.90
12382.22
10683.31
12503.13
15871.70
18898.58
12019.41
0