32
65536
256
4
0 R 0
0 R 1
0 R 2
0 R 3
0 R 4
0 R 5
0 R 6
0 R 7
0 R 8
0 R 9
0 R 10
0 R 11
0 R 12
0 R 13
0 R 14
0 R 15
0 R 16
0 R 17
0 R 18
0 R 19
0 R 20
0 R 21
0 R 22
0 R 23
0 R 24
0 R 25
0 R 26
0 R 27
0 R 28
0 R 29
0 R 30
0 R 31
0 R 32
0 R 33
0 R 34
0 R 35
0 R 36
0 R 37
0 R 38
0 R 39
0 R 40
0 R 41
0 R 42
0 R 43
0 R 44
0 R 45
0 R 46
0 R 47
0 R 48
0 R 49
0 R 50
0 R 51
0 R 52
0 R 53
0 R 54
0 R 55
0 R 56
0 R 57
0 R 58
0 R 59
0 R 60
0 R 61
0 R 62
0 R 63
0 R 64
0 R 65
0 R 66
0 R 67
0 R 68
0 R 69
0 R 70
0 R 71
0 R 72
0 R 73
0 R 74
0 R 75
0 R 76
0 R 77
0 R 78
0 R 79
0 R 80
0 R 81
0 R 82
0 R 83
0 R 84
0 R 85
0 R 86
0 R 87
0 R 88
0 R 89
0 R 90
0 R 91
0 R 92
0 R 93
0 R 94
0 R 95
0 R 96
0 R 97
0 R 98
0 R 99
1 W 0 0
1 W 1 0
1 W 2 0
1 W 3 0
1 W 4 0
1 W 5 0
1 W 6 0
1 W 7 0
1 W 8 0
1 W 9 0
1 W 10 0
1 W 11 0
1 W 12 0
1 W 13 0
1 W 14 0
1 W 15 0
1 W 16 0
1 W 17 0
1 W 18 0
1 W 19 0
1 W 20 0
1 W 21 0
1 W 22 0
1 W 23 0
1 W 24 0
1 W 25 0
1 W 26 0
1 W 27 0
1 W 28 0
1 W 29 0
1 W 30 0
1 W 31 0
1 W 32 0
1 W 33 0
1 W 34 0
1 W 35 0
1 W 36 0
1 W 37 0
1 W 38 0
1 W 39 0
1 W 40 0
1 W 41 0
1 W 42 0
1 W 43 0
1 W 44 0
1 W 45 0
1 W 46 0
1 W 47 0
1 W 48 0
1 W 49 0
1 W 50 0
1 W 51 0
1 W 52 0
1 W 53 0
1 W 54 0
1 W 55 0
1 W 56 0
1 W 57 0
1 W 58 0
1 W 59 0
1 W 60 0
1 W 61 0
1 W 62 0
1 W 63 0
1 W 64 0
1 W 65 0
1 W 66 0
1 W 67 0
1 W 68 0
1 W 69 0
1 W 70 0
1 W 71 0
1 W 72 0
1 W 73 0
1 W 74 0
1 W 75 0
1 W 76 0
1 W 77 0
1 W 78 0
1 W 79 0
1 W 80 0
1 W 81 0
1 W 82 0
1 W 83 0
1 W 84 0
1 W 85 0
1 W 86 0
1 W 87 0
1 W 88 0
1 W 89 0
1 W 90 0
1 W 91 0
1 W 92 0
1 W 93 0
1 W 94 0
1 W 95 0
1 W 96 0
1 W 97 0
1 W 98 0
1 W 99 0
