32
65536
256
4
0 R 0
0 R 1
0 R 2
0 R 3
0 R 4
0 R 5
0 R 6
0 R 7
0 R 8
0 R 9
0 R 10
0 R 11
0 R 12
0 R 13
0 R 14
0 R 15
0 R 16
0 R 17
0 R 18
0 R 19
0 R 20
0 R 21
0 R 22
0 R 23
0 R 24
0 R 25
0 R 26
0 R 27
0 R 28
0 R 29
0 R 30
0 R 31
0 R 32
0 R 33
0 R 34
0 R 35
0 R 36
0 R 37
0 R 38
0 R 39
0 R 40
0 R 41
0 R 42
0 R 43
0 R 44
0 R 45
0 R 46
0 R 47
0 R 48
0 R 49
0 R 50
0 R 51
0 R 52
0 R 53
0 R 54
0 R 55
0 R 56
0 R 57
0 R 58
0 R 59
0 R 60
0 R 61
0 R 62
0 R 63
0 R 64
0 R 65
0 R 66
0 R 67
0 R 68
0 R 69
0 R 70
0 R 71
0 R 72
0 R 73
0 R 74
0 R 75
0 R 76
0 R 77
0 R 78
0 R 79
0 R 80
0 R 81
0 R 82
0 R 83
0 R 84
0 R 85
0 R 86
0 R 87
0 R 88
0 R 89
0 R 90
0 R 91
0 R 92
0 R 93
0 R 94
0 R 95
0 R 96
0 R 97
0 R 98
0 R 99
0 W 256 0
0 W 257 0
0 W 258 0
0 W 259 0
0 W 260 0
0 W 261 0
0 W 262 0
0 W 263 0
0 W 264 0
0 W 265 0
0 W 266 0
0 W 267 0
0 W 268 0
0 W 269 0
0 W 270 0
0 W 271 0
0 W 272 0
0 W 273 0
0 W 274 0
0 W 275 0
0 W 276 0
0 W 277 0
0 W 278 0
0 W 279 0
0 W 280 0
0 W 281 0
0 W 282 0
0 W 283 0
0 W 284 0
0 W 285 0
0 W 286 0
0 W 287 0
0 W 288 0
0 W 289 0
0 W 290 0
0 W 291 0
0 W 292 0
0 W 293 0
0 W 294 0
0 W 295 0
0 W 296 0
0 W 297 0
0 W 298 0
0 W 299 0
0 W 300 0
0 W 301 0
0 W 302 0
0 W 303 0
0 W 304 0
0 W 305 0
0 W 306 0
0 W 307 0
0 W 308 0
0 W 309 0
0 W 310 0
0 W 311 0
0 W 312 0
0 W 313 0
0 W 314 0
0 W 315 0
0 W 316 0
0 W 317 0
0 W 318 0
0 W 319 0
0 W 320 0
0 W 321 0
0 W 322 0
0 W 323 0
0 W 324 0
0 W 325 0
0 W 326 0
0 W 327 0
0 W 328 0
0 W 329 0
0 W 330 0
0 W 331 0
0 W 332 0
0 W 333 0
0 W 334 0
0 W 335 0
0 W 336 0
0 W 337 0
0 W 338 0
0 W 339 0
0 W 340 0
0 W 341 0
0 W 342 0
0 W 343 0
0 W 344 0
0 W 345 0
0 W 346 0
0 W 347 0
0 W 348 0
0 W 349 0
0 W 350 0
0 W 351 0
0 W 352 0
0 W 353 0
0 W 354 0
0 W 355 0
