8
1024
64
8
1 W 482 0
1 R 802
4 R 244
0 R 144
7 R 588
3 W 138 115
2 R 524
7 R 1023
3 R 689
3 R 442
4 W 954 197
5 R 746
5 W 378 136
1 W 930 173
4 R 824
7 R 516
3 W 343 147
2 W 68 149
0 R 65
3 R 7
0 R 753
5 W 107 93
7 R 256
4 W 534 172
0 R 177
4 R 520
7 R 151
3 R 55
1 W 714 161
6 R 565
7 R 667
2 W 866 15
5 R 8
3 W 648 210
4 R 888
4 W 616 211
6 R 267
7 R 981
0 R 520
6 R 784
1 R 373
3 W 219 193
5 R 68
6 R 632
2 R 692
6 W 904 28
7 W 308 173
0 R 562
0 R 630
0 W 228 246
6 R 977
0 W 551 84
5 R 205
0 R 897
6 W 777 170
1 R 990
6 W 203 208
5 W 838 246
1 W 748 87
5 W 103 116
4 R 618
4 W 266 37
2 R 798
4 R 527
0 W 174 181
4 R 43
1 W 33 154
0 W 242 125
2 W 497 174
5 W 739 158
5 R 681
5 R 189
0 R 621
1 R 35
5 R 78
6 W 111 121
7 R 875
4 R 196
6 R 218
1 W 120 71
7 W 836 6
6 R 60
4 W 288 111
2 R 701
1 R 812
2 W 680 245
6 R 953
4 R 147
5 R 268
4 W 45 73
7 R 205
3 R 435
3 W 741 126
4 R 40
0 R 745
0 W 831 70
7 W 296 194
1 R 974
5 R 1020
6 W 8 244
7 R 679
2 W 396 112
3 W 408 91
3 R 691
1 W 1017 168
5 W 106 182
4 W 403 128
5 R 667
5 R 146
5 W 133 196
1 W 111 100
6 R 360
0 W 225 209
6 W 686 151
3 R 667
4 R 27
1 R 695
6 R 841
3 W 974 255
6 R 110
3 R 568
3 R 693
4 W 811 205
2 W 704 70
6 W 574 122
6 R 561
5 R 378
0 W 329 40
4 W 918 151
7 W 506 193
4 R 756
0 W 726 115
3 W 977 184
3 W 263 76
4 R 924
7 R 930
0 R 574
5 W 981 172
2 W 365 46
5 W 478 24
0 W 483 85
3 R 944
6 W 764 235
7 W 482 179
3 R 504
1 W 467 78
3 W 541 136
3 R 745
2 R 545
3 W 118 254
1 W 365 100
3 R 507
4 R 943
7 R 423
0 W 890 190
6 W 731 110
2 W 87 44
7 W 520 109
7 R 302
6 W 659 58
3 R 1014
5 W 1006 97
4 R 44
6 W 786 85
0 R 248
6 R 292
5 W 812 178
0 W 737 87
6 R 913
2 R 903
7 R 885
1 R 980
5 W 241 24
0 W 152 208
7 R 1013
5 W 801 223
2 R 704
1 W 52 234
5 W 881 228
7 W 189 155
3 W 542 172
3 W 149 115
7 W 996 188
2 W 478 137
7 R 74
0 W 126 234
2 W 860 127
4 W 316 200
6 W 486 170
2 W 319 78
5 R 818
1 R 983
7 R 895
2 R 895
7 R 874
2 R 710
1 R 265
5 R 519
5 W 689 207
6 R 29
3 W 847 45
3 W 876 3
6 R 829
5 R 1014
7 R 868
5 W 510 94
6 W 869 91
2 R 555
0 W 584 156
4 R 969
7 W 821 203
5 R 8
2 R 1022
2 R 866
7 W 353 206
1 R 51
5 R 586
0 R 81
0 R 773
0 W 204 71
7 W 428 235
0 W 893 158
1 W 257 192
2 R 654
3 R 706
0 R 268
0 R 349
1 W 98 65
6 R 905
5 R 309
0 R 108
5 R 701
4 W 126 206
7 R 370
3 R 914
3 R 859
0 W 788 141
1 W 979 200
6 W 142 20
1 R 384
7 R 62
3 R 188
2 W 968 12
1 W 670 12
1 W 244 169
5 W 322 99
5 R 321
6 R 597
7 R 982
6 W 20 138
3 R 292
0 R 48
1 W 718 230
1 R 986
2 W 860 140
0 W 919 122
7 W 719 54
4 W 501 65
1 W 196 137
3 R 34
3 R 593
1 R 242
1 R 60
7 R 201
7 W 96 241
2 W 705 129
3 R 118
4 R 501
0 W 152 253
3 W 131 29
4 W 783 118
5 R 949
0 W 812 43
5 R 118
4 W 759 80
5 W 476 101
2 W 783 250
2 R 357
5 W 625 156
7 W 721 83
4 W 872 201
5 W 999 75
1 R 66
1 W 943 14
1 W 571 128
3 W 602 112
2 R 737
6 W 201 127
4 W 297 20
6 R 497
5 W 466 219
3 R 487
2 R 600
3 W 472 86
2 R 966
4 R 679
2 W 880 241
1 R 282
5 R 792
6 R 609
1 W 492 101
4 R 631
4 W 708 12
7 R 831
5 R 707
5 R 417
5 W 810 123
0 R 384
0 R 410
2 W 655 30
4 R 325
3 R 694
7 W 894 205
4 W 7 175
0 W 336 230
1 W 609 9
3 W 985 153
3 W 849 11
2 W 375 111
1 W 549 88
4 W 38 176
7 W 608 239
1 R 725
2 W 311 59
6 R 788
0 R 288
1 W 842 198
6 W 967 45
6 R 498
2 R 162
1 W 770 32
4 W 1014 134
6 W 449 77
5 R 341
1 R 942
0 R 372
6 W 316 188
7 R 430
1 R 592
2 W 339 171
2 R 161
0 R 462
2 W 19 136
6 W 382 52
5 R 937
4 W 229 176
6 W 350 232
3 R 626
0 W 797 98
7 R 851
4 R 517
5 R 397
4 W 779 216
2 W 385 230
0 R 662
6 W 1012 246
2 W 361 131
4 R 741
4 W 568 152
1 W 693 113
2 W 510 213
2 W 670 179
7 R 26
6 W 961 98
3 R 517
4 W 682 19
4 R 88
5 R 553
2 W 411 245
5 W 202 47
2 W 226 98
7 R 720
4 R 306
0 R 824
4 W 482 119
5 R 975
2 R 505
5 W 916 154
6 W 612 245
0 W 984 26
5 R 746
1 R 28
1 R 852
6 W 310 189
3 R 141
5 R 646
2 R 538
4 R 327
1 R 255
6 R 281
3 R 3
5 W 32 46
5 R 628
3 W 818 110
1 W 1003 174
5 R 12
7 R 48
6 W 842 166
2 R 959
5 W 963 106
4 W 409 81
7 W 956 2
7 R 28
6 R 970
3 R 982
2 R 6
1 R 849
7 R 397
6 W 912 113
4 R 340
5 R 172
2 R 174
2 W 202 32
3 R 612
7 R 6
5 W 847 39
2 R 987
7 W 173 224
6 W 972 179
6 R 607
0 W 781 194
2 R 739
5 R 327
4 W 333 17
0 W 569 10
3 R 601
0 W 825 39
2 R 730
0 R 313
1 W 70 203
7 R 430
4 W 757 104
2 W 890 170
0 W 948 187
7 W 900 137
7 W 819 77
5 R 349
6 W 627 4
0 R 291
7 W 430 20
7 R 343
1 R 567
4 R 243
4 W 119 61
2 R 880
7 W 12 109
5 W 224 105
2 R 908
1 W 314 85
1 R 685
2 R 228
7 R 471
3 R 590
0 R 880
0 R 23
5 W 380 238
5 R 16
7 R 81
1 W 423 50
7 R 532
4 R 227
6 R 358
4 R 550
5 W 599 205
6 R 250
3 R 263
1 W 422 187
4 W 616 139
1 R 735
6 R 24
1 R 808
0 W 134 230
4 W 61 1
4 W 507 159
4 R 744
7 R 163
3 R 780
7 W 620 54
7 R 590
1 R 374
1 W 509 175
5 R 1005
6 R 702
1 W 530 235
5 W 404 185
5 R 197
4 W 817 82
5 W 673 94
3 W 551 69
4 R 50
7 W 33 245
2 R 291
4 R 568
6 R 1009
3 R 182
7 W 999 193
0 R 98
6 R 122
5 W 654 76
3 W 15 4
3 W 271 14
6 W 582 180
7 R 775
5 R 118
0 R 567
1 R 666
7 R 788
5 W 418 33
7 R 48
3 W 194 202
1 R 463
7 R 606
7 W 995 254
1 R 724
0 W 394 234
4 W 766 73
0 W 874 55
1 W 755 188
5 W 845 69
5 R 993
3 R 644
7 R 413
3 R 749
0 R 728
4 W 470 166
6 W 528 245
0 W 744 108
0 R 697
5 W 222 46
6 R 178
5 R 591
0 R 317
0 R 21
5 R 491
3 R 99
3 W 275 103
4 R 879
2 W 445 141
7 W 939 41
6 W 877 237
1 W 42 2
2 W 7 170
3 R 896
6 W 843 161
4 W 33 68
1 W 1 230
2 R 146
4 R 43
1 R 388
1 R 646
3 R 653
5 W 63 125
3 W 968 60
1 R 94
5 W 953 198
0 W 691 154
7 W 965 209
5 W 402 88
0 W 570 93
2 W 669 95
2 R 39
6 W 495 124
1 W 309 87
1 W 266 179
0 R 632
1 W 961 139
5 W 368 143
7 R 982
4 W 184 214
1 W 417 200
3 R 985
1 R 754
2 R 421
2 R 29
4 R 991
7 W 880 8
7 W 602 149
3 R 334
1 W 805 99
5 R 405
7 W 287 121
3 R 543
6 R 572
2 R 539
1 R 396
1 W 747 4
6 W 16 60
0 W 353 251
2 R 401
1 W 688 163
7 R 962
5 W 510 207
7 R 112
1 R 538
2 W 542 65
0 R 125
1 W 479 252
5 W 653 239
4 R 658
3 R 596
0 W 82 239
7 R 608
0 R 122
3 R 664
4 R 198
1 W 233 224
2 R 665
7 W 814 213
7 W 888 131
2 W 726 153
6 R 249
7 W 371 58
1 W 958 5
1 W 275 186
0 W 617 57
4 R 359
2 R 1009
2 W 155 17
7 R 792
2 R 15
7 W 329 32
5 W 549 126
6 R 57
6 W 674 160
2 R 775
4 R 760
6 R 915
7 W 712 191
1 R 206
0 W 535 64
4 R 614
3 W 414 252
3 R 926
3 R 582
3 R 293
3 R 701
7 W 484 71
7 R 829
5 R 980
5 W 537 147
5 R 376
3 R 964
7 R 943
5 R 674
7 W 142 239
6 W 447 131
4 R 353
1 W 351 101
0 R 894
4 W 602 44
7 R 752
6 R 672
4 W 322 187
6 R 171
5 W 618 104
1 R 201
2 W 552 40
4 W 166 56
2 W 100 145
3 W 336 220
5 R 577
7 W 135 8
2 R 229
4 R 791
4 W 729 48
6 W 692 141
0 R 663
1 R 809
4 W 121 184
2 W 505 210
4 W 474 103
5 W 379 194
6 R 863
0 R 549
1 R 178
1 R 842
2 R 627
7 R 748
7 R 937
1 R 869
2 R 716
7 R 72
1 R 144
1 R 8
6 R 564
1 W 76 67
0 R 950
7 R 674
6 W 587 175
5 R 961
2 W 193 78
5 R 824
5 W 723 93
2 W 913 227
4 W 38 108
1 R 1011
4 R 530
7 W 961 164
1 W 990 246
4 R 955
6 W 272 106
0 W 340 87
6 W 539 219
5 R 109
1 W 961 183
5 R 896
7 R 505
2 W 240 22
7 W 988 148
4 R 460
1 R 803
0 W 319 3
6 W 112 103
2 W 286 208
1 R 799
6 R 497
1 R 263
0 W 227 157
7 R 361
1 R 141
1 R 460
4 R 147
5 R 213
6 R 165
0 W 964 110
1 W 71 9
4 W 316 160
4 R 202
6 W 910 227
6 R 943
2 W 66 127
5 W 870 95
5 R 328
1 R 713
7 W 978 243
2 W 403 239
3 W 581 128
4 R 774
0 W 208 249
1 R 270
0 R 878
5 R 182
7 R 896
6 W 850 153
5 W 813 196
4 R 9
4 R 49
2 W 8 243
0 W 323 143
2 W 765 63
5 W 174 205
3 R 416
6 R 629
7 W 58 132
5 W 416 28
5 W 931 125
6 W 159 249
2 W 498 175
0 W 99 223
4 R 819
4 R 289
1 R 572
3 R 226
7 R 766
4 W 673 241
1 R 144
2 W 641 140
6 R 555
1 W 151 32
4 W 316 230
5 R 546
0 R 772
7 W 514 83
4 W 69 126
0 W 792 223
7 W 773 9
0 W 922 104
7 R 11
3 R 816
4 W 273 244
3 R 229
6 R 706
1 W 576 121
6 R 856
5 W 606 190
6 W 600 54
4 W 65 135
3 R 691
2 W 680 206
3 W 60 183
7 W 832 143
7 W 488 31
4 W 893 19
3 R 619
1 R 802
3 R 542
5 W 384 32
1 R 915
7 R 75
6 R 907
6 W 554 62
6 W 547 60
2 W 422 253
0 W 288 235
3 R 392
4 R 680
6 W 572 221
7 W 931 111
2 W 270 61
7 W 956 91
1 R 818
7 W 754 92
3 R 919
1 R 20
0 W 634 117
3 W 268 210
2 R 740
4 R 801
3 W 733 134
0 W 952 16
7 W 364 226
1 R 908
7 R 500
6 R 361
1 W 629 27
3 W 512 215
4 W 515 211
7 W 308 42
2 R 417
5 R 900
6 R 784
5 R 260
4 R 621
5 W 226 201
3 R 713
2 R 1002
5 W 1001 143
7 R 465
3 W 702 76
1 R 256
1 W 205 77
5 W 442 171
3 W 884 158
1 W 416 193
7 R 484
1 W 572 37
6 W 986 196
3 R 248
4 W 657 241
3 W 796 101
2 W 258 174
5 W 1003 206
4 R 884
1 W 425 85
0 W 556 35
3 R 823
3 R 148
4 W 319 139
1 W 453 17
7 W 830 27
6 R 79
1 R 360
4 W 189 221
0 R 512
3 R 311
6 R 459
3 W 779 62
4 R 516
5 W 375 228
2 R 752
2 W 625 42
3 R 744
0 W 466 184
6 R 239
5 R 699
0 W 454 102
1 R 362
7 W 738 235
0 R 219
2 W 844 44
2 W 532 147
2 R 843
0 R 59
5 R 758
5 W 188 28
3 R 390
2 W 104 205
7 R 168
1 W 1013 110
2 R 898
5 R 873
0 R 859
3 R 776
1 W 641 197
5 R 1015
4 R 247
4 W 566 189
4 R 476
1 R 470
5 R 355
3 W 60 9
5 W 741 53
1 W 438 30
4 W 22 88
1 W 245 93
3 R 273
3 R 186
1 W 831 10
0 R 987
4 W 8 84
1 W 685 96
4 W 388 7
1 W 600 238
2 W 818 132
6 W 786 128
7 W 191 153
0 W 884 68
5 W 152 166
2 W 262 174
1 R 949
2 W 526 225
1 W 19 189
2 R 208
2 W 71 202
0 W 899 157
4 R 538
4 R 212
2 R 131
3 W 56 173
6 R 142
0 R 161
5 R 930
5 R 817
5 R 602
4 R 247
0 R 785
5 W 997 79
7 R 10
6 W 951 85
7 R 109
1 W 66 133
1 R 36
3 W 908 21
1 R 780
2 W 541 47
0 R 382
7 W 392 46
4 W 643 243
5 R 229
5 R 618
6 R 654
1 W 539 198
1 W 978 195
0 W 498 240
2 R 936
5 R 982
1 W 601 92
5 W 65 42
3 R 288
6 R 978
5 W 152 190
1 W 641 33
2 W 274 76
3 R 169
3 R 530
3 W 367 208
2 R 250
5 R 538
3 W 492 201
4 W 135 213
0 W 247 74
4 W 919 96
3 R 59
3 W 846 60
2 R 622
2 R 795
7 W 95 102
7 R 82
4 W 296 148
0 W 479 53
0 R 661
3 R 720
6 W 543 122
3 W 744 62
6 W 781 137
2 W 936 138
5 W 826 237
1 R 524
0 W 564 54
4 W 749 141
5 R 428
7 R 489
7 R 319
3 W 456 37
0 W 432 69
6 R 51
7 R 575
0 R 116
6 R 403
3 W 241 122
1 R 572
3 R 572
2 W 329 235
0 W 604 32
6 R 522
1 W 487 129
1 W 501 176
3 R 51
1 W 941 242
2 W 725 202
5 R 277
6 W 133 55
7 R 838
1 R 647
2 W 8 44
2 W 476 46
6 W 295 255
5 W 833 166
7 W 972 231
0 R 458
6 R 777
4 R 354
4 W 372 148
0 R 534
5 R 580
3 R 875
3 W 389 12
7 R 24
3 W 312 246
5 R 872
6 R 32
0 W 863 4
3 W 165 209
5 W 534 184
5 W 899 246
6 R 998
2 R 161
5 R 663
2 W 511 40
1 W 952 16
7 W 203 38
2 W 19 131
3 R 305
4 W 39 59
7 W 181 135
7 W 616 70
5 W 326 174
0 W 358 33
4 W 1004 11
5 W 286 9
4 R 58
1 R 97
4 W 111 97
1 R 748
1 R 114
0 R 544
0 R 902
1 R 426
6 W 303 215
6 R 276
0 R 133
2 R 817
4 W 658 253
1 W 6 197
1 R 112
1 R 384
7 R 884
1 R 628
1 W 658 169
1 R 796
6 W 1008 199
1 W 90 54
4 W 828 89
2 R 713
3 R 73
2 R 958
4 R 562
5 R 196
6 W 862 234
4 W 218 83
4 W 685 170
1 R 486
3 R 856
4 W 321 14
6 W 716 82
0 R 887
4 R 325
1 R 560
5 R 778
1 R 280
6 W 697 213
1 R 37
2 W 81 251
7 W 764 83
1 R 81
0 R 531
5 R 819
5 W 143 56
0 R 848
7 W 521 132
4 R 681
6 W 762 241
6 W 1006 17
2 R 610
2 W 117 224
5 R 781
4 R 325
5 R 149
4 W 671 72
7 W 1009 166
4 R 151
2 W 133 99
0 R 197
2 W 314 194
0 R 720
4 R 21
1 R 171
5 W 842 165
5 W 919 123
3 W 530 141
0 R 752
0 R 949
3 W 239 253
3 W 973 31
4 W 185 158
6 R 708
0 R 153
7 W 532 186
6 R 839
6 R 567
7 R 492
2 W 731 191
4 R 141
4 R 112
5 W 254 3
3 R 191
4 W 786 168
7 R 718
6 W 397 141
6 W 377 96
5 R 31
1 R 172
5 W 284 234
0 R 494
3 R 685
7 W 448 7
4 R 981
2 W 354 55
5 R 688
5 W 772 221
4 W 649 26
6 R 260
6 R 754
1 W 416 152
6 R 927
3 R 884
5 R 215
5 W 117 221
3 R 994
0 R 999
1 R 133
7 W 755 176
5 R 609
5 R 343
5 W 162 254
7 R 198
6 W 747 35
2 R 1003
4 R 464
3 R 206
0 W 209 227
7 W 783 216
4 W 560 82
6 R 336
6 R 534
4 W 257 224
2 R 715
6 R 155
2 R 362
2 R 571
6 W 514 165
6 W 633 126
1 W 592 1
5 W 535 122
2 R 858
4 R 549
3 W 705 213
5 W 391 123
6 W 753 105
3 W 712 60
5 W 235 13
2 W 200 145
3 W 681 125
7 R 674
2 W 355 87
6 R 223
2 W 252 195
6 W 770 38
3 W 159 231
4 W 144 149
2 W 328 83
0 W 485 210
2 R 566
1 W 964 112
7 W 621 170
7 R 428
5 R 107
4 W 311 245
7 R 927
2 R 1011
2 R 472
4 R 151
2 W 172 79
0 W 776 117
5 R 929
1 W 969 84
2 R 651
7 W 344 207
1 R 962
3 R 410
0 R 561
2 R 733
1 R 880
2 W 685 162
4 R 1023
6 R 569
6 R 617
6 R 568
7 R 506
3 W 916 195
1 R 1005
7 W 871 101
4 W 952 193
3 W 600 138
3 R 452
1 R 45
7 R 613
7 W 95 10
4 W 461 229
1 R 621
5 W 210 113
2 W 306 149
0 R 544
3 W 996 164
5 W 948 12
6 W 717 213
5 W 712 114
6 R 44
3 W 334 38
0 R 945
2 R 233
5 R 908
2 R 48
7 W 996 107
1 W 568 78
4 W 278 150
0 R 451
3 W 785 153
7 W 74 74
7 W 599 101
7 W 87 240
0 R 212
4 W 852 52
1 R 622
0 W 398 208
2 W 584 227
3 W 76 229
1 R 281
0 W 472 225
1 R 882
3 W 110 143
1 R 944
1 R 1000
0 R 441
2 R 1
5 W 16 122
0 R 798
1 R 295
2 R 904
2 R 836
7 R 979
0 R 899
2 W 876 74
5 W 149 205
6 R 776
6 R 297
0 R 98
3 R 372
7 R 335
5 R 198
1 W 815 127
5 W 526 17
3 R 54
0 W 348 163
2 R 735
3 W 826 157
6 R 786
5 R 97
2 W 295 203
6 R 842
3 W 345 236
3 W 290 131
6 R 550
0 W 262 235
4 R 393
2 R 155
7 R 252
1 W 547 108
6 R 182
1 W 527 214
4 R 760
0 W 375 30
3 R 292
7 R 356
0 R 608
3 W 291 255
6 R 546
2 R 156
0 R 622
0 R 994
4 R 474
7 W 505 131
7 W 98 139
2 R 137
2 W 862 5
4 R 512
6 R 776
3 W 250 249
7 R 731
3 W 182 211
2 W 854 122
4 R 261
6 R 399
1 W 237 54
3 R 822
1 R 575
4 W 825 141
6 R 105
2 W 287 213
1 R 43
3 R 995
1 W 613 72
2 R 309
0 W 503 135
0 R 966
5 W 767 250
6 W 867 248
2 R 205
4 R 248
7 W 219 32
4 R 616
6 R 926
6 W 405 197
3 W 651 8
5 W 515 51
6 R 43
1 W 248 181
1 R 28
4 W 573 248
3 W 230 255
3 W 706 217
2 W 990 118
6 W 257 105
6 W 719 121
0 R 625
5 R 97
2 R 812
7 W 311 60
5 R 128
2 R 601
5 R 567
3 R 851
4 W 161 3
4 W 908 173
4 W 927 238
3 W 26 186
4 R 503
2 R 631
4 W 208 217
7 W 852 147
2 R 952
4 R 940
7 R 89
3 W 1016 145
5 R 684
7 R 1022
6 R 646
5 W 263 69
2 R 77
7 W 679 255
1 W 211 214
2 W 559 94
5 R 751
2 R 411
1 R 409
0 W 32 37
6 W 619 80
6 R 639
7 W 895 161
3 R 887
5 R 422
3 W 974 11
5 R 678
6 W 64 238
2 R 20
0 W 639 40
5 W 424 5
6 W 934 153
1 W 855 255
3 R 738
2 W 623 54
4 R 291
4 R 133
4 R 349
3 W 134 217
6 R 990
5 W 900 150
6 W 749 206
4 R 432
6 W 32 45
1 R 592
5 R 726
1 W 51 117
2 W 78 177
7 R 942
4 R 836
3 W 562 217
5 R 905
4 W 937 217
1 W 297 214
2 W 512 253
3 W 839 236
3 R 980
7 R 528
7 W 283 240
5 R 165
7 R 593
6 W 298 143
7 R 614
1 W 102 126
6 W 965 115
6 R 839
5 R 343
4 W 627 28
4 W 705 27
5 W 570 13
5 W 172 145
7 W 741 149
3 W 368 112
6 R 302
5 W 659 125
7 R 1008
3 W 343 165
2 W 696 164
2 W 878 246
7 W 35 108
3 R 471
3 R 694
2 W 731 77
0 R 789
2 R 504
1 R 925
4 W 597 64
7 W 174 29
2 R 576
6 W 782 21
2 R 459
4 W 167 34
1 W 55 156
0 W 205 232
5 W 453 34
2 R 877
0 W 63 164
1 W 803 87
3 R 931
6 R 605
5 R 534
5 W 690 77
3 R 53
0 W 506 146
3 R 256
4 W 319 144
0 W 436 143
0 R 818
6 R 399
4 W 934 185
4 R 518
7 R 571
7 R 53
2 W 539 106
1 R 681
2 R 358
6 W 182 128
3 W 404 147
1 W 569 210
2 W 472 17
2 W 1001 44
0 W 897 99
5 W 109 102
5 W 461 27
0 W 667 131
0 W 22 1
5 W 979 191
1 W 720 75
6 W 375 6
4 R 105
1 W 214 48
0 W 765 107
5 R 774
1 W 822 159
2 W 1007 62
2 R 1001
2 W 424 148
2 R 928
2 R 106
6 R 410
6 R 151
2 W 535 8
2 R 318
2 W 649 145
1 W 609 18
6 R 698
2 R 617
2 R 641
4 R 879
6 W 995 61
7 W 85 127
7 W 446 1
0 W 402 233
3 W 508 73
7 R 331
5 W 237 22
0 R 500
0 R 361
3 R 992
0 W 96 176
0 R 433
1 W 836 178
0 W 174 137
7 W 724 36
4 R 314
5 R 815
5 R 152
0 R 121
1 W 217 41
6 W 730 63
4 R 1009
5 R 160
6 W 517 251
1 W 445 92
6 W 907 227
5 W 12 16
4 W 893 117
6 W 108 136
2 W 935 36
6 W 196 140
2 W 135 27
2 R 887
1 W 770 228
3 R 496
3 R 885
0 R 547
4 R 940
6 W 851 106
3 R 46
0 R 759
7 W 74 44
5 W 233 223
7 R 261
0 W 200 149
0 R 953
4 R 869
2 R 696
5 W 776 51
5 R 299
5 W 373 89
4 R 578
4 W 447 121
7 R 321
5 R 833
6 R 742
3 W 504 123
2 W 131 69
3 W 368 80
4 W 425 33
5 W 917 149
2 R 164
1 R 73
7 W 935 26
7 R 807
7 W 313 77
0 R 112
5 W 192 202
4 W 747 122
4 R 783
7 R 947
0 R 1021
7 R 932
1 W 527 112
7 R 169
4 W 552 20
2 W 980 100
3 W 79 101
1 W 628 144
6 R 24
4 W 328 172
1 W 404 216
2 W 461 171
7 R 979
3 R 234
7 W 982 180
0 W 837 72
0 R 166
0 R 482
5 R 911
6 R 291
7 R 14
4 W 413 150
1 R 90
3 W 131 9
3 R 325
0 R 757
6 R 717
5 R 202
3 W 144 115
6 W 61 140
3 W 297 49
4 W 908 47
0 W 825 139
3 R 60
7 W 194 57
0 W 262 10
3 W 922 86
0 R 916
4 W 327 150
7 W 767 35
2 R 50
3 W 318 41
7 W 156 170
7 R 737
5 R 452
6 W 283 14
3 W 635 176
6 W 839 57
0 R 939
0 W 87 220
3 R 963
0 W 365 47
1 W 508 224
3 W 97 46
1 R 989
4 R 467
5 R 12
6 R 952
6 W 15 226
6 W 422 239
4 W 798 166
2 W 902 118
6 W 164 127
3 R 308
7 W 249 147
2 W 162 26
6 W 553 184
4 R 94
3 W 882 225
3 R 508
1 R 578
0 W 450 11
1 R 762
6 W 142 40
7 R 66
5 W 619 77
1 R 428
4 W 286 246
4 R 1010
5 W 565 157
4 W 424 157
5 R 611
4 R 140
3 R 206
0 R 826
6 W 350 42
4 W 840 58
3 R 300
0 W 865 61
3 R 997
0 W 135 164
2 R 560
5 R 766
6 R 568
4 R 918
6 R 637
6 R 760
0 R 152
0 R 725
3 R 698
4 R 834
0 R 250
0 W 274 70
5 W 639 9
7 W 159 153
3 W 829 139
6 W 36 38
7 W 345 202
4 W 410 246
5 R 496
5 W 770 116
1 W 499 226
2 R 642
3 W 511 16
7 W 798 75
3 W 836 21
7 R 738
1 R 200
5 R 1013
1 W 873 98
4 R 324
7 W 966 250
0 R 267
7 W 41 114
7 R 439
4 R 687
6 W 158 214
5 R 972
6 W 821 168
2 R 1004
1 W 947 107
7 W 118 31
4 W 145 235
6 R 791
4 R 550
3 R 508
0 R 456
6 R 254
6 R 400
3 W 903 142
6 R 7
5 W 731 172
7 W 722 119
6 R 367
4 R 773
1 R 280
1 W 648 199
7 R 343
2 W 222 136
3 W 399 16
2 W 445 41
2 W 161 16
6 R 533
0 R 790
2 R 479
3 R 423
3 R 766
5 W 989 222
0 R 109
1 R 216
6 R 778
5 W 539 251
7 R 27
5 R 294
3 W 865 9
4 R 769
3 R 102
0 R 719
2 W 72 22
6 R 628
0 W 371 91
7 W 139 90
0 W 128 252
7 R 517
3 R 263
6 R 365
6 R 60
0 R 132
7 R 2
3 R 838
7 R 645
2 W 479 66
5 R 318
4 R 836
7 R 75
6 W 440 172
1 W 453 47
1 R 99
4 W 728 194
6 R 71
0 W 550 139
0 R 201
4 R 13
4 W 88 178
2 W 606 107
6 W 667 127
7 R 251
7 R 701
5 R 772
6 R 299
1 R 433
2 W 122 8
3 W 352 245
5 W 339 200
7 W 867 247
6 R 754
5 R 432
3 W 180 65
1 W 114 235
1 R 498
3 R 821
6 W 554 139
6 R 595
6 W 439 181
3 W 935 193
1 W 860 8
4 W 65 235
7 W 892 123
7 W 1008 85
5 W 127 64
3 W 660 201
2 W 638 118
4 R 567
5 W 403 190
1 R 255
5 W 556 241
2 R 121
2 W 814 111
0 W 379 30
3 R 272
6 W 902 178
1 W 871 102
0 W 240 128
5 W 447 81
6 R 157
7 R 62
6 R 95
5 W 125 112
3 W 702 22
4 R 1023
1 W 870 34
5 R 674
2 W 98 115
1 R 529
1 R 591
7 R 686
4 W 811 188
7 W 634 13
5 R 781
6 W 627 192
6 W 355 224
4 W 340 149
1 W 374 161
4 W 54 99
1 W 910 93
0 W 983 222
4 W 491 179
3 R 371
1 W 726 34
3 W 886 64
4 W 439 222
7 R 532
2 R 749
1 W 702 200
3 R 733
4 W 400 39
5 W 361 12
2 W 951 117
1 W 434 220
6 R 619
3 R 862
1 W 991 116
7 W 343 235
4 R 114
4 W 87 24
4 W 498 23
2 W 792 18
1 R 192
1 R 635
5 R 484
7 W 89 46
4 R 26
1 R 140
5 R 228
5 R 71
7 R 866
7 R 628
0 W 820 18
1 R 351
7 R 318
4 W 109 128
6 W 73 74
3 W 26 247
4 W 575 4
3 W 83 119
5 W 248 73
5 W 249 45
0 R 363
4 W 472 53
1 W 382 100
3 W 382 106
2 W 937 198
0 R 25
0 W 212 80
1 R 42
2 W 418 48
2 W 684 19
4 W 370 10
1 W 432 168
0 R 669
1 R 126
4 W 470 163
5 R 332
7 R 751
6 W 287 209
2 W 996 214
1 R 480
2 R 912
2 R 770
0 W 570 126
1 W 852 109
1 R 953
0 W 680 15
6 R 480
0 W 452 222
4 R 190
7 R 79
1 R 849
1 R 396
7 W 791 19
6 R 654
0 W 601 0
0 W 712 48
7 R 756
5 R 526
3 W 869 10
1 W 92 226
7 R 162
1 W 949 127
0 W 215 9
4 R 857
3 R 137
2 R 893
7 W 395 139
4 R 917
5 R 1009
0 W 473 2
0 W 183 72
1 W 287 170
7 W 3 75
0 R 541
4 W 1005 17
4 R 238
5 W 107 189
7 W 164 216
5 W 689 133
5 R 384
4 R 279
4 W 354 100
3 R 760
4 W 778 41
5 R 174
2 W 363 241
7 W 458 252
4 W 385 49
6 W 262 202
1 R 970
3 R 85
3 R 234
0 R 787
5 R 961
0 R 300
1 W 827 251
7 R 631
1 W 581 66
7 W 347 193
1 W 1015 47
2 R 793
3 R 556
0 W 493 200
3 W 250 230
4 W 165 12
4 R 246
1 W 741 193
4 W 922 91
6 W 46 196
2 W 803 14
1 R 251
2 W 20 180
3 W 937 96
5 R 583
3 W 624 81
0 R 760
3 R 918
4 R 347
7 W 126 221
0 R 217
2 W 237 70
0 R 1008
0 R 262
7 W 461 215
0 R 716
0 W 796 23
5 R 882
4 W 1008 18
1 R 1003
4 W 216 50
5 W 34 5
3 R 621
2 R 324
3 R 16
3 W 812 82
2 R 708
7 W 692 113
1 R 604
5 W 820 191
6 W 994 228
6 R 337
1 R 661
4 R 678
7 W 466 218
4 W 670 155
0 W 780 129
7 R 782
1 R 718
7 R 688
3 R 954
4 W 955 202
3 W 112 195
1 R 413
5 W 59 240
4 R 252
5 R 612
4 W 768 26
6 R 714
2 W 644 238
6 W 696 138
7 R 333
0 W 746 181
6 W 165 2
4 W 320 106
5 R 65
5 R 23
6 R 465
5 R 704
3 R 376
5 W 161 138
3 R 116
0 R 922
5 W 78 214
5 R 475
1 W 224 199
0 R 311
2 W 299 162
7 W 538 60
2 W 967 181
7 W 837 26
5 R 111
3 R 772
3 W 37 212
4 R 997
2 W 455 62
6 W 573 174
3 W 136 63
0 R 6
4 W 800 81
6 W 117 78
3 R 890
0 W 902 164
2 R 967
1 R 534
2 W 964 189
5 R 1020
5 R 3
1 R 803
3 R 691
0 R 326
0 R 1023
5 R 675
7 W 619 64
1 W 378 125
5 R 490
1 R 919
4 W 449 42
3 R 54
6 R 912
4 R 613
3 R 191
7 W 402 98
2 R 739
4 W 808 52
3 W 105 26
5 R 219
7 W 279 53
1 W 454 94
0 W 689 130
2 R 451
5 R 69
1 W 66 50
5 R 181
7 W 975 164
0 W 420 123
2 W 389 6
7 W 182 202
4 R 693
5 W 306 71
1 W 309 131
5 R 505
2 W 217 129
6 W 812 98
4 W 59 89
5 W 60 171
5 W 227 90
6 R 908
5 W 87 138
2 R 213
4 R 1006
5 R 684
6 R 782
2 W 842 252
0 W 312 67
2 W 806 37
7 W 689 109
4 W 247 199
5 R 355
4 W 728 236
7 R 160
6 R 68
0 R 732
5 W 288 175
6 R 980
6 W 646 11
0 W 514 55
4 W 922 80
2 R 828
1 R 989
7 R 33
7 W 765 12
2 W 188 168
4 R 838
7 R 81
7 W 596 86
2 W 752 226
5 R 31
6 R 1020
6 W 29 45
0 R 826
2 R 1014
2 R 134
1 W 925 226
3 R 54
1 R 601
2 W 518 20
6 W 655 210
3 R 239
0 R 9
2 R 833
0 R 733
7 W 553 44
2 R 366
0 W 323 218
7 R 736
4 R 645
3 R 304
5 W 777 255
2 W 395 220
4 W 697 179
1 R 991
3 R 333
3 R 656
5 W 138 78
7 R 979
2 R 260
7 W 13 174
0 R 569
4 R 667
5 W 868 160
6 W 790 44
2 R 956
0 R 71
6 W 929 153
0 R 157
7 W 170 158
3 W 471 87
7 R 277
7 R 181
5 W 971 41
0 R 742
0 R 813
6 W 718 47
1 R 205
1 R 375
7 W 586 174
3 R 33
0 W 1015 13
6 W 472 176
5 R 662
5 R 451
3 R 145
2 W 510 255
6 R 119
5 W 705 252
4 W 541 28
4 R 809
3 W 258 235
6 R 129
3 W 580 102
7 W 665 164
3 R 27
1 W 616 235
1 R 431
4 W 716 177
6 W 1004 239
7 W 486 128
0 W 243 156
0 R 881
1 R 69
1 W 686 241
2 W 962 230
1 R 872
5 W 1022 10
3 W 514 50
3 R 394
5 W 550 205
7 R 790
5 W 1015 231
3 R 105
5 R 335
6 W 183 131
0 W 909 52
3 W 102 118
1 W 915 134
7 R 853
7 R 291
4 R 266
0 R 371
5 W 706 171
2 R 302
2 W 187 118
2 W 989 73
4 R 476
3 W 317 56
5 W 91 33
1 W 825 120
0 R 889
3 W 483 21
7 W 324 11
4 W 342 121
0 R 327
4 W 812 121
6 W 45 41
3 R 655
4 R 359
3 W 770 180
2 W 260 72
4 W 740 115
5 W 467 23
4 W 173 208
1 W 402 182
4 W 4 51
1 W 667 36
2 W 217 45
5 W 373 17
4 W 900 81
6 W 616 90
6 W 298 239
0 R 421
5 W 426 104
3 W 771 231
7 W 448 172
6 W 545 103
1 R 235
2 R 578
3 R 168
0 W 152 233
1 W 542 163
7 R 102
4 R 333
4 W 782 136
1 W 170 232
5 R 723
7 W 277 82
7 W 683 148
5 R 6
3 R 425
2 R 527
7 R 860
3 W 618 59
6 R 229
6 W 10 41
2 W 62 173
6 R 344
3 W 748 217
4 R 642
7 R 145
6 W 1005 233
6 R 804
5 R 10
3 W 20 117
3 W 179 192
1 W 792 132
1 R 605
5 R 223
4 W 368 122
2 R 355
0 R 136
5 R 146
1 W 166 78
0 W 1 177
2 W 969 79
2 R 428
7 R 652
4 W 1020 86
3 R 698
4 R 834
1 R 980
2 W 122 72
2 W 586 179
5 W 892 172
5 R 89
4 W 741 32
4 W 119 160
4 W 52 76
3 W 385 71
0 R 705
0 R 84
2 W 945 221
4 R 906
6 W 975 201
4 W 110 125
6 R 185
7 R 518
2 W 903 81
7 W 530 128
6 R 866
5 R 64
1 R 970
0 W 921 145
1 W 1023 70
7 W 512 135
7 R 401
7 W 227 206
6 W 78 84
4 W 74 116
1 W 1002 187
3 W 853 93
0 R 92
6 W 618 38
4 W 812 230
0 W 713 111
0 R 701
4 R 622
6 R 607
2 R 539
5 W 368 42
7 R 391
6 W 1009 188
0 R 233
6 W 930 31
2 R 477
7 W 248 230
5 R 581
7 W 96 133
6 R 175
6 R 566
4 R 551
0 R 210
1 R 285
4 W 983 222
4 R 405
4 R 75
3 R 770
2 R 647
0 W 823 6
1 W 410 3
5 W 685 103
4 W 388 0
4 W 991 201
1 R 957
6 W 824 88
2 R 818
1 W 221 128
1 W 1006 92
2 W 71 88
2 W 261 110
4 R 713
3 W 370 191
0 R 895
1 R 65
3 W 906 254
0 W 704 95
1 R 778
4 W 98 102
6 W 724 58
1 W 645 212
7 W 557 96
4 R 264
5 W 227 143
0 R 410
0 W 915 220
5 W 575 103
5 W 719 73
0 R 742
5 W 502 18
2 R 214
0 R 219
1 R 107
1 R 517
1 W 409 101
7 R 164
6 R 178
5 W 762 30
6 W 507 68
2 W 410 176
5 R 652
6 R 759
0 R 252
1 R 661
7 W 318 243
7 R 421
5 W 159 75
1 W 70 85
1 W 751 241
0 R 381
6 R 116
6 W 369 248
5 R 71
6 R 314
5 R 736
2 R 895
5 W 998 211
3 W 542 186
1 R 674
6 W 965 11
3 R 892
3 W 898 50
3 W 109 64
7 W 899 203
4 R 833
3 R 780
2 R 454
3 W 105 138
6 R 917
1 R 785
5 W 659 47
6 R 412
6 R 233
1 W 950 90
6 W 830 218
3 R 161
7 W 266 193
7 R 854
1 R 615
6 W 250 213
7 W 370 13
7 W 855 164
1 W 115 122
7 W 702 47
6 W 169 248
6 R 560
4 W 918 115
7 W 877 101
6 R 727
4 W 306 3
6 R 692
1 R 931
6 R 722
5 W 891 37
7 R 854
3 W 748 166
5 R 532
2 R 470
1 R 432
3 W 558 231
5 W 678 232
5 R 443
2 R 310
0 W 754 6
7 R 754
5 W 566 169
7 W 896 216
7 R 891
1 R 611
6 W 265 103
2 W 34 101
7 R 533
3 W 539 106
3 W 1023 176
4 W 791 93
1 W 772 89
2 W 439 205
4 R 470
3 R 2
5 W 705 157
0 R 744
3 R 715
1 R 123
5 W 914 82
0 W 598 209
4 R 392
1 R 444
0 W 970 146
0 R 595
5 R 144
6 R 822
1 W 476 133
0 W 791 98
3 W 696 116
5 R 252
6 R 696
6 W 643 96
7 W 436 29
7 R 603
1 R 356
4 W 233 28
2 W 382 38
2 W 154 31
3 W 93 32
7 R 815
2 R 1015
3 R 532
3 R 111
4 W 467 25
6 W 821 216
6 R 766
0 W 921 119
6 R 212
6 W 256 190
2 W 437 229
5 W 0 82
0 W 593 11
6 W 200 91
7 R 15
6 R 250
7 W 617 71
2 W 454 42
5 R 695
2 R 133
3 R 471
3 W 40 119
1 W 831 141
6 R 156
4 R 407
3 R 0
2 R 247
1 R 941
1 R 23
7 W 75 6
2 R 273
2 W 579 89
5 R 423
3 R 116
7 W 599 209
3 R 757
3 W 324 168
4 R 447
4 W 522 138
7 W 155 193
6 R 282
3 R 705
6 W 821 102
6 W 55 34
7 W 285 130
1 W 254 187
4 R 656
7 R 455
0 R 136
6 R 418
2 W 99 40
0 W 654 110
6 R 912
5 W 173 183
4 R 693
7 W 824 175
6 R 374
6 R 510
4 W 928 174
0 W 983 248
4 W 870 194
3 W 1015 30
4 R 386
7 R 673
6 R 592
4 R 966
2 W 452 126
0 R 813
0 R 772
0 R 361
6 W 661 61
6 W 994 109
6 W 977 215
7 W 40 155
5 R 261
2 W 387 90
7 R 578
7 R 34
4 R 361
3 W 422 9
6 R 118
4 W 71 116
0 R 668
3 R 650
0 R 61
4 W 853 92
1 R 273
4 R 559
5 W 482 235
5 R 372
3 W 501 107
1 R 543
5 W 33 127
2 R 957
6 W 786 210
6 R 227
2 W 786 143
2 R 379
7 W 751 179
2 R 798
3 R 317
0 R 351
7 R 157
4 R 594
6 R 192
5 R 11
4 R 410
6 W 789 86
6 R 265
0 W 39 219
3 R 843
7 W 570 29
0 W 609 178
5 R 627
2 R 638
6 R 24
5 W 814 75
5 R 852
5 W 891 248
7 W 579 182
3 R 724
3 W 309 182
2 W 809 85
7 W 899 158
7 R 797
5 W 219 32
7 R 571
2 W 674 114
4 W 789 178
5 R 791
2 R 802
0 W 631 47
6 R 205
6 W 1003 75
6 R 107
6 R 679
0 W 329 82
4 R 871
6 W 384 174
2 R 208
2 R 839
1 R 321
7 R 180
2 R 1003
0 W 569 174
0 W 350 234
4 R 652
3 R 348
3 R 910
2 R 208
0 W 65 204
7 R 15
3 R 413
6 R 918
7 W 55 209
7 W 317 233
5 R 961
1 R 584
7 R 414
7 R 60
1 R 27
1 W 174 212
6 W 366 253
4 W 564 181
6 W 754 71
2 W 9 12
7 W 163 109
7 W 91 43
4 W 70 221
7 W 177 69
2 R 578
6 W 118 188
6 W 686 125
6 W 134 218
0 W 381 133
7 R 480
2 R 758
1 R 213
6 W 282 80
3 W 86 195
3 R 249
7 W 374 109
2 W 839 139
4 R 784
3 W 241 142
1 W 455 163
4 W 623 214
5 R 307
3 W 263 174
6 R 879
5 W 993 138
2 R 606
6 W 506 107
6 R 245
5 W 920 17
4 W 999 137
2 W 292 127
2 R 406
0 W 291 219
3 W 821 143
3 W 780 5
7 R 909
4 W 476 76
0 R 852
0 W 438 227
6 W 773 160
3 W 738 238
0 W 667 221
4 W 304 161
4 W 539 58
3 W 22 240
3 W 68 147
0 R 118
6 W 891 79
3 R 305
1 R 310
5 W 970 44
6 W 728 237
7 R 401
2 W 641 61
0 W 721 64
7 W 239 238
3 R 489
3 W 979 252
5 R 201
7 R 199
3 R 693
2 W 70 212
0 W 273 248
4 R 312
3 R 551
1 W 357 35
0 R 1014
4 W 78 190
1 R 645
4 R 314
6 W 384 250
5 W 267 45
3 R 102
6 R 653
0 W 1011 123
5 W 625 242
1 W 944 42
1 W 494 191
0 R 93
0 R 658
0 W 448 11
7 R 810
7 W 386 36
6 W 290 110
6 R 943
5 R 473
6 W 967 125
1 W 218 90
1 W 658 2
5 W 778 83
7 W 6 73
6 W 582 112
3 R 388
2 W 72 163
7 W 106 29
3 W 1015 5
6 R 407
0 W 820 58
4 R 356
3 W 690 152
4 R 947
0 R 637
2 R 800
1 W 906 222
2 W 214 223
5 R 630
5 R 427
0 R 423
4 W 1004 126
3 R 672
6 W 326 99
3 R 643
4 W 525 123
6 R 81
5 W 139 148
7 W 831 111
0 R 827
3 R 185
7 W 857 189
4 W 33 223
3 R 635
6 R 502
4 R 583
2 R 723
6 W 42 101
6 R 75
1 R 285
2 W 616 43
2 R 970
3 W 157 48
7 W 226 189
0 R 5
2 R 728
0 W 770 101
5 W 944 62
3 W 528 184
6 W 34 162
5 R 494
2 R 437
6 R 882
6 R 887
0 W 591 152
0 R 1021
6 W 941 180
2 R 197
2 R 512
4 W 774 26
1 R 760
6 R 440
0 R 1001
0 R 498
7 R 834
1 W 952 8
6 W 410 49
2 R 481
2 W 564 56
3 W 225 100
3 W 540 212
4 W 692 80
7 W 349 58
5 R 754
5 W 351 8
6 W 492 47
4 W 868 252
1 W 733 13
5 W 553 25
1 W 717 9
6 R 614
0 W 461 83
3 R 946
3 R 68
7 W 520 181
3 R 350
5 R 363
2 W 916 3
0 W 464 129
2 R 1000
2 R 437
5 W 159 80
4 W 404 27
6 R 208
2 R 558
7 R 921
1 W 814 156
1 W 876 59
3 R 803
6 R 216
3 W 375 19
7 R 679
3 R 579
3 R 484
2 W 102 243
6 R 33
2 W 787 230
4 R 723
7 R 85
7 R 1009
6 W 816 92
3 W 745 214
7 W 954 17
5 W 772 163
1 R 798
2 W 516 199
7 W 390 60
5 R 20
6 R 255
6 W 146 218
2 W 657 241
3 R 950
4 R 858
5 R 632
0 W 124 255
5 R 645
1 W 675 125
7 R 636
5 W 783 199
3 R 88
4 W 250 115
0 W 973 237
5 W 805 115
1 R 416
5 R 777
6 W 134 53
5 R 547
6 W 1002 65
1 W 766 37
5 W 261 222
6 R 332
3 R 447
4 R 863
2 R 616
0 R 750
6 W 496 73
0 R 819
1 W 886 7
0 R 632
5 R 438
0 R 825
0 W 894 252
4 R 995
4 R 535
2 R 104
3 W 560 69
3 R 976
1 W 641 149
2 R 296
0 R 262
2 R 676
0 W 928 0
6 W 712 149
7 W 765 154
6 R 479
1 R 432
3 W 49 208
3 W 504 212
6 W 638 228
3 R 383
3 R 509
0 R 146
0 W 912 58
4 R 282
5 R 714
0 W 763 121
3 R 881
7 R 624
5 W 19 43
4 W 721 10
7 W 412 63
5 R 634
1 R 916
6 R 606
7 R 345
0 W 699 121
2 R 234
7 W 253 202
5 R 923
7 R 986
4 W 63 208
5 R 443
1 W 971 159
6 W 248 54
6 R 687
0 R 921
7 W 151 65
6 W 732 14
7 W 946 19
6 R 960
7 W 258 78
1 W 636 180
2 R 627
6 W 75 102
3 W 111 146
4 W 125 225
3 W 920 53
0 R 184
0 W 501 50
3 R 724
7 W 110 185
6 R 27
1 R 278
4 W 680 57
6 W 794 138
2 R 447
2 R 631
3 R 109
5 W 875 41
1 R 663
2 R 83
5 R 629
3 R 262
3 W 13 201
5 W 843 239
6 R 560
6 W 942 59
6 W 166 224
0 W 119 147
1 W 376 191
0 R 938
7 W 717 84
0 W 235 44
2 W 362 42
7 W 984 74
1 R 497
1 R 182
1 W 703 164
4 W 996 216
1 W 1007 246
7 R 257
2 R 764
4 R 806
3 W 767 6
2 W 1015 20
7 W 237 211
4 W 823 235
5 W 532 161
6 W 544 206
4 W 202 8
7 R 303
2 W 46 248
4 W 751 40
4 R 789
7 W 166 174
4 W 445 9
4 R 20
5 R 800
0 W 297 159
5 R 657
7 R 394
3 W 121 35
7 R 56
7 W 222 13
3 W 971 28
6 W 304 147
1 W 507 102
2 R 748
2 W 211 88
5 R 667
7 W 642 69
1 W 868 7
7 W 256 186
4 R 65
4 W 338 21
4 W 655 222
5 W 10 120
1 W 326 84
6 W 471 51
0 R 919
7 W 527 103
1 W 542 162
7 W 757 125
4 R 524
2 W 110 148
3 W 596 17
4 R 584
3 R 424
3 W 783 179
4 R 276
7 R 695
7 R 428
4 R 602
0 R 941
6 W 632 70
3 W 962 93
1 W 723 121
0 W 392 211
5 R 744
5 W 415 228
7 W 648 55
5 R 105
2 W 48 202
5 W 595 95
1 R 884
4 W 404 93
5 R 859
3 R 536
6 W 252 69
2 R 124
7 R 230
1 W 278 251
0 R 78
7 W 882 131
7 W 536 229
4 R 320
7 R 856
6 W 84 83
1 R 208
0 R 438
1 R 716
4 R 558
2 R 57
4 W 961 211
3 R 263
3 R 862
3 R 620
2 R 704
3 R 912
3 R 326
4 R 18
0 W 577 66
7 R 774
2 W 985 86
1 R 473
7 W 45 5
3 W 919 107
3 W 251 46
0 W 795 166
4 W 165 149
6 R 783
4 W 331 46
5 R 270
6 R 333
3 W 1017 251
1 R 326
2 R 372
2 W 143 57
5 W 734 138
1 W 666 61
2 W 107 255
1 R 653
5 W 585 255
0 R 656
5 R 290
5 R 949
6 R 494
4 W 204 166
2 W 64 79
1 W 699 0
7 W 654 60
4 W 59 189
3 W 482 165
6 W 419 163
5 W 401 169
2 W 848 108
5 R 956
6 R 631
7 W 684 165
1 R 636
5 W 919 48
7 R 542
6 W 449 60
1 R 741
3 R 565
0 W 454 148
3 R 11
2 W 695 151
2 W 531 247
5 R 808
4 R 326
3 R 776
7 W 602 220
2 R 274
2 W 728 174
3 R 185
5 W 880 53
7 R 584
7 W 1011 111
1 W 437 92
7 W 851 118
0 R 441
2 R 211
2 R 386
5 R 571
2 W 428 111
2 R 184
1 W 171 48
2 R 230
7 R 419
2 R 187
2 W 990 212
7 R 1006
1 W 604 228
7 W 144 23
2 R 463
3 W 634 244
0 R 986
7 R 381
1 W 569 212
0 W 680 55
7 W 480 84
3 W 1019 123
5 R 381
2 W 320 127
3 R 847
2 R 302
4 R 880
1 W 68 74
4 R 641
3 W 98 23
7 W 18 242
4 W 111 222
6 W 94 98
4 W 444 242
4 R 894
4 R 835
0 R 287
4 W 994 0
7 W 887 198
4 W 67 49
0 W 311 135
7 W 619 45
5 R 777
6 R 853
0 R 997
4 W 865 249
2 W 153 27
0 W 39 65
2 R 281
4 R 417
3 W 12 112
7 R 121
5 W 974 13
7 W 201 166
5 R 968
6 W 996 79
3 W 400 93
4 R 801
4 W 613 29
7 W 668 194
7 W 265 29
6 R 977
7 R 742
2 W 604 157
3 W 344 206
4 R 306
6 W 294 49
4 R 648
2 R 842
1 R 83
6 R 195
7 R 218
5 R 185
2 W 124 61
0 R 889
6 W 351 133
3 R 962
7 W 212 200
3 W 82 183
3 R 634
3 R 852
0 R 13
2 R 137
0 R 212
1 R 593
1 W 244 113
1 R 650
5 R 1006
2 R 421
6 R 31
1 W 884 217
7 W 164 35
3 R 783
7 W 169 48
6 W 36 128
2 R 10
0 R 1016
2 R 413
0 W 445 137
6 W 867 45
2 W 849 189
3 R 412
0 R 204
7 W 241 111
5 W 889 221
6 R 552
0 W 272 83
4 R 81
5 W 639 176
4 R 365
7 R 778
7 R 982
6 W 199 245
3 W 367 104
7 W 912 127
0 W 979 189
3 R 186
0 W 362 60
3 R 499
4 R 650
6 R 273
4 R 774
7 W 117 223
0 R 880
7 W 17 218
4 R 255
6 R 930
1 R 22
1 W 186 227
5 R 155
6 R 795
5 W 340 202
3 R 33
3 R 872
4 R 876
0 W 42 44
0 W 748 118
4 W 816 55
4 R 723
3 W 494 128
0 W 330 35
7 W 110 3
3 R 450
7 R 127
2 R 735
5 R 341
2 W 133 73
6 R 796
1 W 267 177
3 R 763
7 W 103 117
1 R 576
3 R 434
2 R 593
2 W 475 231
3 W 621 253
3 W 537 60
6 R 1005
1 R 744
0 R 847
6 W 138 246
4 R 936
6 R 505
0 W 981 176
5 R 541
2 W 216 83
1 R 888
6 W 746 246
0 R 838
6 W 976 84
7 R 764
6 R 246
6 W 203 78
2 W 107 188
2 W 16 171
1 R 441
1 R 431
1 W 245 223
0 W 307 248
1 W 206 85
5 R 667
0 W 29 149
6 R 543
2 R 714
3 R 131
4 R 563
5 W 808 20
2 R 583
2 W 631 64
5 R 684
0 W 103 149
2 R 367
2 R 345
4 W 203 144
0 R 963
5 W 747 210
3 W 793 189
1 R 253
6 W 938 182
2 W 843 220
7 W 286 151
4 W 619 224
3 W 400 126
0 W 617 130
5 W 668 106
4 R 104
2 W 18 152
3 W 995 240
3 R 14
2 W 569 197
3 R 184
3 R 873
4 R 747
1 W 391 156
3 R 772
5 W 790 61
1 W 800 17
4 W 543 87
2 W 796 5
5 W 808 192
6 R 924
1 R 187
1 R 126
5 R 803
2 R 608
3 W 384 164
2 W 964 33
1 W 573 182
2 R 734
2 R 907
6 R 873
1 W 483 255
0 W 546 2
5 R 150
2 W 570 140
2 R 173
4 W 747 170
6 W 393 176
6 R 119
0 W 760 243
0 R 387
1 R 645
6 W 795 120
0 R 773
2 R 946
6 R 669
1 R 923
2 R 489
6 W 945 155
6 R 251
6 W 700 40
4 R 709
0 R 357
6 W 840 114
2 R 482
7 W 984 218
1 W 195 199
4 R 354
2 R 605
0 W 281 233
4 W 174 180
6 R 210
5 R 324
7 R 807
7 R 767
1 W 894 229
3 W 89 237
5 R 75
6 W 356 119
5 R 293
1 R 825
3 W 149 104
3 R 399
2 R 142
3 W 13 32
0 R 890
6 W 236 177
3 W 277 250
3 W 32 140
3 W 944 55
7 R 266
7 W 292 41
5 W 534 66
0 W 362 250
5 R 998
6 W 387 187
6 R 961
6 W 556 87
3 W 582 19
5 W 954 145
6 W 497 133
2 W 788 156
3 W 764 81
7 R 468
2 R 403
3 R 990
0 W 473 187
2 R 553
7 R 954
6 W 427 147
7 R 423
4 W 944 96
0 W 320 173
1 R 832
5 R 798
5 R 247
0 R 739
1 W 137 236
5 R 151
0 R 948
7 R 827
7 R 788
6 W 193 232
1 W 733 164
7 R 114
6 R 154
1 R 609
2 R 823
0 W 671 134
3 W 208 215
6 W 1003 141
6 R 885
7 W 594 243
4 R 357
2 R 511
3 R 97
5 R 920
5 R 567
4 W 486 84
4 W 207 167
2 W 83 87
5 R 425
0 R 549
6 R 467
5 W 998 62
6 R 470
4 R 14
0 R 500
4 R 73
4 R 43
1 W 898 70
0 W 191 252
0 W 427 36
2 R 266
1 W 82 143
7 W 669 103
5 R 547
1 W 175 109
7 W 413 137
7 W 437 118
1 W 275 116
1 R 425
3 W 196 134
6 W 107 116
2 R 518
5 W 737 253
7 R 622
4 R 549
1 W 668 250
4 W 367 86
5 R 137
4 R 15
3 W 122 207
1 R 469
6 R 182
3 W 159 129
7 W 423 248
0 W 1010 100
2 W 954 48
1 R 692
5 W 271 244
6 R 445
0 W 468 172
2 W 15 9
1 R 282
0 R 82
3 W 694 69
2 W 885 156
5 R 497
0 W 998 214
0 W 487 203
7 W 565 95
3 R 200
1 R 216
0 R 299
1 W 368 43
2 R 199
7 R 697
7 W 671 102
1 R 77
5 R 480
2 W 899 161
1 W 249 185
5 R 228
6 W 596 121
7 R 577
6 R 250
5 R 921
3 W 987 160
2 W 641 133
6 R 294
7 W 543 72
6 W 300 148
0 W 14 159
3 W 253 6
1 W 410 226
6 W 701 223
2 W 608 55
1 R 349
1 R 892
1 R 576
6 W 8 135
7 R 66
6 W 328 231
0 R 969
7 R 646
6 R 217
6 W 219 114
0 R 984
4 W 133 116
3 R 893
2 W 293 21
3 R 861
2 W 576 99
2 R 1001
0 R 195
6 W 414 88
1 R 305
5 W 438 146
3 R 15
5 W 308 130
4 R 224
6 W 800 65
3 R 42
3 R 237
1 W 651 154
2 W 971 223
5 W 625 128
5 R 1005
6 R 368
2 W 592 176
4 R 1009
0 R 27
3 R 265
5 W 916 199
5 R 658
4 W 19 214
7 R 342
4 R 267
4 R 446
4 R 202
4 W 90 238
4 R 216
5 W 667 202
2 R 244
4 W 259 223
3 R 1007
1 R 653
4 W 509 122
7 W 325 228
6 W 466 90
5 W 912 88
6 R 658
7 R 862
4 W 61 71
3 R 504
1 W 181 236
6 W 292 211
4 R 513
4 R 348
1 W 236 82
4 R 996
3 R 835
7 W 896 102
0 W 350 185
6 W 678 29
3 R 240
7 R 754
3 R 78
5 R 314
7 R 384
3 W 532 62
0 W 703 182
1 R 788
2 R 296
0 W 107 234
0 R 956
2 R 873
0 W 667 90
2 W 730 197
2 R 516
2 W 195 208
0 W 228 34
1 R 323
1 W 557 209
2 R 163
0 W 195 59
6 W 517 135
7 R 81
5 R 107
4 W 571 116
0 W 150 194
4 W 691 163
7 R 61
1 W 197 68
2 R 818
7 W 441 254
0 R 483
6 W 175 48
0 W 1008 207
1 R 251
3 W 159 154
1 R 395
0 R 207
2 R 1
1 R 442
7 R 964
2 R 569
1 R 745
4 W 696 110
1 R 513
7 W 411 56
7 R 841
1 W 323 116
6 W 28 176
4 R 372
7 R 941
0 W 662 109
0 R 219
1 R 732
0 W 119 153
5 W 994 86
2 W 458 136
2 R 312
7 R 684
6 W 601 142
6 W 251 62
5 R 335
0 R 944
5 W 73 26
6 W 113 88
0 W 992 187
2 R 874
4 R 64
1 W 718 215
4 R 789
2 R 101
2 W 21 31
4 R 58
3 W 171 155
1 R 124
4 R 404
6 W 345 62
6 R 269
6 W 215 83
5 W 440 87
2 W 374 71
3 R 138
4 W 293 142
2 W 802 74
6 W 1007 143
7 R 5
4 R 648
3 W 597 187
0 R 133
5 W 204 153
3 R 845
7 R 987
1 W 766 187
3 W 427 226
6 W 1000 235
5 R 302
4 R 233
4 R 367
2 W 571 35
1 R 112
0 R 76
1 W 842 196
7 W 623 97
7 R 329
2 W 954 1
2 R 234
6 R 601
0 R 149
3 W 39 188
1 W 8 146
0 R 598
7 W 198 65
2 R 138
5 R 68
6 R 196
0 R 183
2 W 63 79
0 R 118
4 W 683 148
3 W 998 161
3 W 103 44
4 R 182
1 R 251
7 R 447
7 R 630
1 W 693 152
2 W 782 214
6 W 875 233
5 W 139 176
3 R 476
7 R 658
0 R 909
7 R 333
6 W 963 248
0 W 912 186
6 W 913 253
0 R 742
5 W 881 205
0 R 169
7 R 828
7 W 713 134
1 R 53
0 R 301
1 W 189 131
1 R 788
6 W 528 149
2 R 262
0 R 362
1 R 863
5 W 446 79
4 W 613 57
0 W 870 65
2 W 964 68
0 W 1010 53
1 W 7 71
6 W 486 248
1 R 855
6 W 277 197
5 W 43 182
5 R 284
6 W 320 178
1 R 651
3 W 885 187
4 R 73
4 R 65
5 R 921
3 R 174
1 W 739 252
4 R 870
0 R 611
0 W 676 104
4 R 349
1 W 346 238
4 R 912
5 W 815 182
6 W 357 111
4 R 363
0 W 210 145
7 W 825 136
2 R 69
2 W 118 69
1 R 545
7 W 830 234
4 W 137 107
2 R 327
2 R 112
3 R 769
3 W 570 91
5 R 416
7 R 535
4 W 891 93
5 R 924
7 R 913
0 W 235 249
7 W 349 183
1 W 440 220
6 R 567
4 W 984 59
3 W 632 224
2 W 109 219
1 W 623 2
5 W 749 222
6 W 59 109
4 R 549
0 W 535 151
1 R 879
4 W 350 196
2 W 154 223
4 W 708 19
6 R 642
3 R 56
6 R 165
2 R 714
2 W 226 242
0 R 609
5 R 960
1 R 649
3 W 813 39
0 R 821
2 W 816 162
3 W 102 161
1 W 107 252
0 W 238 201
6 W 902 112
7 W 60 152
3 W 197 74
7 R 639
1 W 431 20
4 R 634
5 R 371
1 R 716
6 R 405
4 W 283 164
1 R 224
1 W 200 159
7 W 933 14
1 R 958
5 R 532
7 R 780
3 W 512 95
7 R 244
4 R 527
0 W 305 65
6 W 777 205
6 R 882
5 W 736 211
6 W 231 126
3 R 273
4 R 112
3 W 356 87
3 W 696 64
4 W 878 27
2 R 802
2 R 567
4 W 266 66
2 W 192 77
5 W 353 218
1 R 945
5 R 156
0 R 220
5 W 74 216
7 R 250
1 W 817 21
4 W 88 102
5 R 691
2 R 20
4 W 528 157
1 R 57
1 R 277
6 W 352 127
4 R 633
6 W 427 195
7 R 795
5 W 52 248
6 R 524
2 W 29 176
2 W 1001 4
2 W 170 103
7 W 228 69
3 R 609
6 W 320 52
1 R 72
5 R 110
3 W 128 12
0 R 551
1 R 811
3 W 981 131
0 W 871 189
2 W 286 240
6 W 292 191
5 R 100
3 R 295
6 W 564 150
3 W 192 165
6 W 958 91
6 R 346
5 R 1020
6 R 236
5 W 529 204
6 W 305 186
0 R 936
3 R 575
6 W 767 228
5 R 162
1 W 985 35
6 W 288 189
7 R 458
1 W 662 167
3 W 97 243
0 R 166
4 W 740 148
0 R 1
2 W 970 91
4 R 90
1 R 23
0 R 481
1 R 119
1 W 63 74
6 W 84 108
3 W 80 159
5 W 161 8
4 W 355 200
1 W 729 103
4 W 898 181
3 R 45
4 W 108 62
3 W 915 191
6 R 527
6 R 552
7 R 684
2 W 884 220
7 W 579 19
7 W 713 34
7 R 534
4 R 340
7 W 231 30
3 R 302
1 R 854
0 R 515
3 W 375 239
4 W 562 32
4 R 489
6 W 223 20
4 W 616 227
6 R 770
1 R 48
3 R 902
3 R 393
6 W 769 125
4 R 432
4 R 424
5 R 799
4 R 419
5 R 391
3 R 137
4 R 185
7 R 63
3 R 457
1 R 202
7 R 912
7 R 562
7 W 978 174
5 R 850
2 R 217
5 W 354 249
3 W 681 78
2 R 666
3 W 406 237
4 R 125
3 R 687
2 W 641 233
0 W 571 26
2 R 591
1 R 841
4 W 498 234
3 R 901
7 W 283 252
0 R 634
3 R 297
6 R 939
7 R 178
2 W 348 54
2 W 428 115
2 W 869 156
0 W 545 55
7 W 52 151
7 R 90
3 W 344 123
2 W 316 53
1 W 401 151
1 W 579 181
1 R 26
5 W 70 23
0 W 340 20
4 W 194 182
6 R 527
2 R 846
6 W 688 189
3 W 254 138
3 W 739 11
6 R 948
4 W 405 217
3 W 565 62
4 W 45 6
2 W 290 73
5 R 761
2 W 576 248
1 W 172 196
7 R 668
3 R 908
0 W 463 202
4 R 310
7 W 572 130
2 R 203
7 R 964
1 W 516 1
2 R 429
6 W 39 107
2 W 759 83
4 R 797
0 R 83
0 W 655 194
1 W 141 240
0 W 761 233
5 W 1012 37
0 R 460
0 W 767 133
4 R 418
3 W 346 191
2 R 463
1 R 688
6 W 929 254
2 R 744
0 W 732 181
6 R 386
6 R 129
3 R 467
5 W 578 144
3 R 42
2 W 135 26
3 R 955
2 W 598 122
3 W 342 240
1 R 882
7 R 1011
3 W 454 0
4 R 400
7 R 443
1 W 578 172
5 R 871
7 W 445 1
0 W 87 137
2 W 507 10
4 W 725 189
5 W 73 190
6 W 714 33
2 R 611
6 W 533 22
0 W 723 169
3 R 256
4 W 587 144
1 W 895 46
4 R 3
6 R 617
7 W 650 209
1 W 128 10
3 R 178
6 W 347 129
6 W 22 53
6 R 910
6 W 700 18
1 W 368 76
1 W 265 179
1 R 161
1 R 932
7 R 794
0 W 923 118
4 W 171 10
7 W 8 124
5 W 726 181
3 R 734
3 W 657 220
5 R 365
1 R 148
7 R 36
0 R 411
4 W 582 62
5 R 71
1 W 866 231
2 W 521 8
0 R 154
4 W 972 1
2 W 149 49
3 R 257
7 W 565 93
3 R 498
3 W 771 145
5 W 955 10
4 R 195
1 R 855
2 R 857
5 W 1006 22
1 R 24
0 W 589 221
1 W 207 180
4 W 837 153
6 W 932 178
5 W 475 35
6 R 333
7 W 539 6
1 R 942
1 R 684
7 R 581
0 W 249 245
4 W 910 58
0 R 237
5 W 712 40
0 R 117
7 W 656 117
3 R 292
4 W 976 203
3 W 324 140
6 W 9 77
7 W 653 250
0 R 403
1 R 235
7 R 859
1 R 208
4 W 500 48
6 R 764
1 W 64 69
0 W 78 53
0 R 195
2 R 853
6 W 272 185
3 R 532
4 R 741
0 W 217 144
3 R 908
4 W 972 162
7 W 496 149
6 R 88
0 W 941 142
0 W 584 211
5 R 279
6 W 375 203
3 R 367
1 R 715
0 W 109 144
6 R 549
4 R 637
5 W 554 123
6 R 451
1 W 544 17
3 W 904 175
4 R 798
5 W 489 102
6 W 1014 44
5 W 857 149
0 R 955
2 W 225 170
5 R 144
5 W 883 6
4 R 387
4 R 440
1 R 798
7 W 788 220
6 W 309 203
7 W 902 138
4 W 564 193
2 R 614
5 R 621
1 R 1008
6 W 424 207
5 W 895 70
3 W 892 11
0 W 722 11
6 R 583
5 W 521 119
5 W 933 141
4 R 488
4 R 387
5 R 840
4 W 398 23
6 R 546
6 W 245 49
7 W 888 85
2 W 972 56
1 W 197 205
0 W 922 164
0 W 864 120
3 W 262 98
1 R 133
7 R 378
0 W 459 1
6 R 386
3 R 883
4 W 65 204
1 W 113 137
2 W 258 53
5 R 919
6 W 28 246
3 R 638
4 R 639
3 R 2
6 R 885
2 W 950 87
2 W 712 132
3 W 902 176
6 R 72
5 W 100 155
2 W 793 31
5 W 1010 109
3 R 355
0 R 260
7 W 511 88
1 W 980 171
1 R 433
7 R 86
7 W 241 97
4 W 896 137
4 R 246
7 R 601
7 W 861 22
6 R 367
0 W 323 211
0 W 900 128
4 W 703 197
4 R 753
7 W 890 123
3 R 442
6 W 522 187
6 R 465
3 W 505 98
2 R 843
2 W 715 46
4 R 499
0 R 228
0 W 94 75
7 R 262
5 W 784 8
5 R 217
0 R 723
3 R 671
6 R 496
1 R 284
3 W 277 237
1 W 825 143
0 R 605
6 W 500 70
5 R 887
6 R 567
1 W 713 57
3 R 809
4 R 70
7 R 347
5 W 832 166
7 R 830
4 W 803 177
5 R 99
4 R 341
3 R 235
5 W 622 91
2 W 171 24
2 W 627 151
1 W 317 120
4 W 52 203
6 W 184 174
0 W 901 158
0 W 905 29
6 W 376 112
2 R 905
5 W 508 100
6 R 162
6 R 285
3 W 188 24
7 R 353
4 W 1023 45
4 R 842
2 W 195 243
2 W 380 239
4 R 851
3 R 1013
1 R 275
4 W 463 37
3 W 134 103
1 W 916 13
5 W 912 140
2 W 430 137
7 W 477 119
1 R 416
6 R 668
1 R 568
0 W 299 2
1 R 555
6 W 568 219
6 R 872
0 W 278 49
2 R 526
2 W 199 98
3 W 254 133
7 R 589
3 W 591 4
4 R 211
3 W 686 33
3 R 713
7 W 762 17
1 R 723
6 W 309 17
0 R 150
0 R 740
3 R 307
7 R 430
2 W 97 97
4 R 119
5 W 932 191
5 W 199 136
3 W 702 29
7 R 435
7 R 151
2 R 459
2 R 889
4 W 986 173
7 R 805
4 R 713
3 W 79 11
7 R 162
5 W 97 71
3 W 932 194
3 R 141
5 W 6 226
0 R 911
0 W 692 188
1 R 0
0 W 523 151
7 W 1005 159
6 R 970
7 R 652
3 W 794 224
2 R 706
2 W 594 10
0 R 711
1 R 711
1 W 210 32
1 W 781 24
5 R 738
5 R 366
0 W 136 8
1 W 459 236
2 W 758 66
3 W 971 168
4 R 1017
6 R 370
5 R 138
3 R 876
0 R 219
0 R 355
0 W 268 59
3 R 344
2 R 636
7 W 548 220
7 W 562 140
0 R 270
2 W 722 135
3 R 98
3 R 453
3 R 722
7 W 648 23
3 W 659 155
4 W 631 92
5 W 744 101
1 R 639
4 R 518
7 R 616
2 W 46 94
5 R 541
6 R 564
2 W 200 85
6 W 460 170
4 W 658 185
7 R 313
3 R 831
3 R 424
5 W 470 67
4 R 864
3 R 405
5 R 605
2 R 988
6 R 49
3 R 746
2 R 35
6 R 867
1 R 267
6 R 737
2 R 951
2 W 533 183
6 W 276 192
3 W 110 147
2 R 645
4 R 1023
0 R 713
3 W 860 158
2 R 895
4 R 822
6 R 331
6 R 969
2 W 764 35
3 R 325
5 W 338 202
5 R 308
6 W 312 58
3 R 952
2 R 949
0 R 515
3 R 815
4 W 796 121
0 R 777
6 W 30 112
7 W 242 100
2 W 668 76
2 R 5
4 R 954
4 R 445
7 W 236 132
0 W 253 200
1 R 230
6 R 86
6 R 328
2 R 847
6 R 777
4 W 1013 192
5 W 120 50
1 W 287 213
3 R 466
4 W 472 82
7 R 937
5 R 241
7 R 65
5 W 842 161
0 R 865
6 W 986 216
2 W 759 175
1 W 897 157
0 W 751 88
6 R 509
2 R 29
1 W 594 222
5 R 14
5 W 436 223
7 W 953 189
4 W 750 164
2 W 876 68
2 R 410
3 R 68
5 W 173 104
1 W 637 37
2 W 635 78
2 R 731
3 W 352 212
5 R 447
0 R 3
3 W 413 110
7 W 779 214
7 W 775 26
0 W 436 195
0 W 373 82
6 W 698 62
5 W 322 116
0 W 887 75
0 R 697
7 R 452
5 W 55 188
7 W 489 84
3 W 87 96
4 W 321 158
4 W 173 182
3 W 873 227
0 W 759 161
0 W 101 229
2 R 674
2 R 139
6 W 541 189
7 W 242 81
7 R 328
4 W 947 234
6 R 466
0 R 116
0 W 217 238
6 R 400
0 R 539
6 W 56 35
0 W 277 73
0 R 145
5 W 69 15
7 W 993 247
1 W 768 229
7 R 723
5 R 467
7 W 313 200
2 R 704
3 W 522 228
5 W 777 134
0 R 934
4 W 413 37
7 W 10 126
3 W 291 9
0 R 931
1 R 373
5 R 384
7 R 100
4 R 877
3 R 133
1 R 383
6 R 718
4 R 332
7 R 623
1 R 369
4 R 571
1 W 453 57
0 R 926
5 R 779
0 R 913
1 W 272 127
1 R 139
5 R 803
7 W 964 186
2 R 302
5 W 231 10
2 R 100
0 W 1006 164
5 W 821 190
0 W 61 73
3 W 670 77
4 R 230
0 R 496
0 R 309
1 W 575 115
5 R 780
2 R 688
7 W 485 205
3 R 11
4 W 212 243
2 R 961
0 R 329
0 R 1023
5 W 924 228
4 R 136
0 R 795
0 R 54
5 W 578 223
4 R 44
0 W 966 112
2 R 224
3 R 264
2 W 681 47
0 R 961
0 R 693
3 W 441 26
4 W 604 68
7 R 368
0 R 311
0 R 381
1 R 52
1 R 655
3 W 719 217
4 R 183
2 W 102 75
5 W 982 241
7 R 740
7 R 352
6 R 294
4 W 896 104
1 W 1015 212
0 W 685 101
7 R 1015
2 W 834 112
6 W 865 165
7 W 804 173
5 W 651 204
7 W 76 119
4 W 366 96
2 W 781 167
4 W 670 111
4 R 479
2 W 320 119
0 R 412
5 W 119 137
7 R 860
4 W 1000 253
3 R 319
1 W 998 53
6 R 676
3 W 131 213
6 R 77
7 R 489
4 W 608 53
5 R 657
1 W 633 174
6 W 750 239
6 R 549
5 W 201 224
6 W 437 28
1 R 971
3 W 120 208
3 W 317 49
7 R 532
0 W 611 122
3 R 400
7 W 365 184
1 W 118 142
3 W 415 5
6 R 241
6 R 828
4 R 110
3 R 642
3 W 229 245
6 R 902
6 W 243 54
0 W 173 126
4 R 285
1 R 791
2 W 482 119
1 R 741
4 R 359
7 R 589
5 R 389
3 R 308
6 W 549 231
4 W 299 52
1 W 978 216
7 W 954 38
0 R 11
4 W 371 52
1 R 865
3 W 20 156
1 R 739
6 R 727
2 W 779 3
2 W 731 242
5 R 536
5 R 548
2 W 919 150
0 W 247 68
4 W 224 21
5 W 948 103
2 R 821
5 W 375 130
4 W 679 106
2 W 165 166
7 R 573
5 W 404 252
1 R 519
1 W 204 4
1 R 926
7 W 323 232
0 W 957 74
5 W 204 122
4 R 489
1 W 494 78
3 R 687
3 W 1008 184
5 R 946
1 R 673
2 W 138 59
2 W 389 7
6 W 897 59
3 R 108
2 R 698
5 R 361
0 W 345 224
1 W 658 226
7 R 829
4 R 120
6 W 509 86
3 R 983
6 W 322 26
3 R 724
0 W 61 96
0 R 832
1 W 467 228
2 W 545 118
5 W 965 202
6 W 317 228
2 R 757
4 R 120
7 W 176 172
0 R 700
7 R 446
2 W 162 85
2 W 971 239
4 R 185
2 W 503 214
6 W 459 210
1 W 673 196
3 W 989 3
2 R 83
0 R 631
2 W 929 45
7 W 137 207
2 W 635 65
1 W 804 28
3 R 351
5 R 82
2 W 85 228
3 R 684
2 W 790 205
1 W 524 82
4 R 668
7 W 734 152
0 R 436
3 R 787
0 W 869 195
2 R 423
6 W 84 40
2 R 245
3 R 770
5 R 990
2 R 821
0 R 165
2 W 256 35
2 W 774 136
4 R 66
3 R 165
7 R 40
2 R 619
0 R 257
2 R 563
4 W 579 87
6 W 358 62
0 R 551
6 R 979
7 W 807 125
0 R 780
0 R 656
4 R 278
5 W 890 192
7 W 3 46
1 R 916
7 W 541 183
7 W 138 102
0 W 740 121
0 R 153
0 R 805
1 R 690
4 R 114
3 W 117 226
4 R 886
3 W 403 186
6 W 325 85
1 R 57
2 R 553
4 W 681 121
0 W 556 180
7 R 871
2 R 841
6 R 704
1 W 83 164
7 R 745
4 R 991
5 R 854
6 R 813
7 R 517
6 R 953
5 R 800
7 R 618
5 R 298
7 W 381 67
7 R 300
3 R 267
1 R 97
7 W 910 71
3 W 597 69
4 W 1005 109
2 R 727
0 R 1
7 R 382
2 W 528 70
2 R 337
3 W 435 19
6 W 858 137
5 W 974 33
2 W 142 229
5 W 29 174
6 R 534
5 R 269
5 R 599
6 W 755 223
0 R 813
2 R 438
7 W 388 144
2 W 31 87
5 R 628
3 W 872 105
0 R 630
5 R 205
3 W 960 146
0 R 959
2 R 373
1 R 761
1 R 57
0 W 734 5
3 W 752 219
2 R 81
0 W 27 221
1 R 670
3 R 100
3 R 907
0 W 449 250
7 W 307 103
0 W 364 219
2 R 950
4 R 7
4 R 34
1 W 428 103
6 W 460 49
3 W 50 57
0 R 288
1 W 647 233
0 R 452
2 R 378
6 W 385 122
7 W 323 234
7 W 656 78
7 R 770
6 R 827
6 R 91
7 W 738 80
7 R 788
1 W 142 47
4 W 169 163
2 R 909
1 W 541 80
6 W 338 220
3 W 962 243
0 W 626 202
1 W 673 141
2 R 795
1 R 298
2 W 220 199
4 R 606
1 R 877
1 R 585
4 W 524 80
5 W 962 191
7 R 864
4 R 296
0 R 388
2 R 131
7 W 783 61
0 W 363 197
2 W 782 158
0 R 1006
5 R 945
4 W 213 13
3 W 821 147
3 R 790
6 W 629 127
5 R 471
6 W 668 72
0 W 486 0
5 W 749 21
6 W 276 91
6 R 342
4 W 426 150
1 R 211
6 W 288 32
7 R 829
3 R 837
6 W 69 148
2 R 169
0 R 446
3 R 526
1 R 753
3 R 747
3 R 345
3 R 378
2 W 183 149
5 W 356 194
2 R 236
5 W 668 65
7 W 179 109
1 R 351
4 R 74
0 R 419
3 W 797 173
6 W 578 227
2 R 166
4 R 402
1 R 47
2 W 726 126
5 W 128 108
4 R 182
4 W 601 127
4 W 300 242
4 R 725
6 W 891 50
3 R 188
3 W 134 147
3 R 160
3 R 268
7 W 450 43
0 W 682 108
2 R 862
6 R 563
4 W 431 47
5 W 491 0
2 W 403 13
6 W 768 250
7 W 485 1
2 W 285 188
1 W 658 159
6 W 723 138
0 R 697
5 W 164 62
1 R 209
6 R 773
7 R 580
6 R 838
1 W 99 253
3 R 912
2 R 359
5 W 407 119
4 W 694 137
3 W 159 228
6 W 1001 125
1 R 427
5 R 1004
7 W 234 226
1 R 516
2 W 250 181
0 W 153 77
0 R 96
7 W 325 77
4 R 458
6 R 886
3 R 866
2 W 76 252
1 R 769
3 W 1019 208
0 R 361
5 R 908
6 R 589
3 W 58 65
4 R 158
2 W 366 156
6 R 1001
2 W 175 171
2 W 166 146
7 W 763 228
7 W 690 83
5 W 77 15
7 W 487 165
3 R 531
7 R 553
0 W 464 128
6 R 215
5 R 590
0 R 562
7 W 229 51
4 R 640
3 W 913 114
6 R 237
2 W 277 147
4 R 612
4 W 246 235
4 W 825 196
3 W 419 226
0 R 95
3 R 1002
4 W 349 3
3 R 109
7 W 256 27
0 R 815
7 W 26 59
6 W 255 177
6 R 915
7 W 1010 10
7 W 694 183
2 W 378 132
6 W 739 39
4 W 395 75
2 R 101
5 R 952
4 W 119 183
1 R 816
3 R 1023
0 R 694
2 R 49
6 R 562
2 W 847 61
1 R 536
7 R 813
4 R 322
1 W 505 202
5 W 94 69
0 R 908
7 W 908 16
7 R 578
1 R 401
7 W 300 15
0 R 572
4 R 894
6 R 375
0 W 672 6
7 W 469 155
0 R 39
0 W 217 250
7 W 908 166
2 R 949
3 R 497
7 R 368
5 R 743
6 R 392
4 W 337 97
0 W 943 119
1 W 848 171
4 R 567
2 R 751
7 W 211 160
7 R 784
4 R 504
2 R 896
7 W 209 120
3 R 808
2 W 717 235
6 W 533 94
3 W 589 202
1 W 874 64
5 W 836 53
3 W 596 243
6 W 196 94
3 R 134
5 W 851 208
7 R 741
5 W 727 219
1 R 764
4 R 441
7 R 1006
2 W 578 165
1 R 105
0 W 759 14
2 R 866
3 W 214 80
5 R 39
0 W 535 148
3 W 77 194
4 W 372 255
6 W 553 232
2 W 925 121
7 W 121 33
2 W 504 243
6 R 282
6 W 818 146
1 W 223 99
5 R 472
5 R 753
6 R 116
7 W 237 206
5 W 752 247
0 R 490
6 R 773
4 W 567 6
4 R 485
0 R 767
0 W 664 49
1 R 933
0 R 147
6 W 506 70
2 R 814
5 R 628
2 R 472
1 R 988
1 W 580 63
6 R 346
6 R 723
7 W 91 197
6 R 80
0 R 466
2 W 319 114
3 W 870 115
2 R 336
4 W 916 243
6 W 846 148
7 W 547 42
5 R 793
7 R 769
