16
512
128
4
1 R 66
3 W 80 40221
1 R 300
2 W 123 31488
1 W 249 17888
2 W 244 20438
2 W 386 29917
3 R 218
0 W 384 59160
1 W 167 64286
0 R 292
1 W 221 54476
3 W 168 45624
3 R 303
0 R 202
1 R 423
0 R 129
0 R 1
0 W 9 34019
3 W 324 4900
2 W 1 58443
2 R 243
2 R 237
1 R 189
3 W 16 42138
1 R 284
1 R 285
1 R 294
0 W 84 44216
1 R 59
3 W 253 12191
0 W 343 45565
1 W 187 17172
0 W 431 5889
3 W 342 28176
0 W 158 12559
0 W 355 51220
1 W 80 52368
3 W 47 65123
1 W 97 52070
2 R 122
3 W 41 41000
2 R 383
2 W 358 8440
0 R 36
3 W 257 29316
3 W 471 47732
0 W 441 2887
0 W 158 26040
2 W 415 41923
1 W 184 46444
0 W 211 54076
1 W 352 25808
0 W 340 8595
2 R 8
3 W 449 17658
3 W 408 49595
3 W 346 41022
3 W 246 38071
3 W 394 53956
0 R 36
0 R 134
1 R 120
1 R 43
0 W 294 43207
2 R 130
1 R 476
0 W 287 34170
2 W 6 37801
3 R 201
3 W 85 49685
0 W 142 19069
1 W 321 9607
3 R 337
2 R 407
2 R 27
1 W 405 45631
0 W 488 33687
2 W 295 21149
3 R 445
0 R 58
2 R 379
1 W 387 3570
1 W 393 30651
3 R 476
0 R 28
1 W 4 39868
3 R 227
0 W 32 7901
1 R 279
3 R 146
0 R 21
3 W 34 3440
3 W 277 51563
2 W 391 39091
0 R 111
0 R 339
0 W 371 48550
0 W 189 6028
0 R 384
2 W 359 49265
0 R 0
1 W 364 46763
0 W 350 37216
3 R 264
1 W 465 49344
0 W 249 47089
0 W 445 37764
1 W 234 16749
1 R 69
1 W 50 11321
3 R 301
1 R 428
3 W 110 6024
0 R 28
3 W 14 35411
0 W 472 4274
3 R 31
0 R 100
1 W 150 9211
2 R 296
0 R 212
3 W 322 35208
1 W 420 57456
0 R 196
1 R 156
3 W 350 5654
1 R 122
2 W 272 41045
0 R 381
0 R 82
3 R 404
3 W 5 61976
2 R 458
2 W 328 46770
2 W 16 46576
2 R 106
1 W 378 3638
3 R 436
3 R 6
3 R 410
2 R 416
2 R 62
1 R 33
1 R 507
3 R 491
1 R 85
2 W 463 6221
1 W 1 61228
1 W 335 63190
1 R 188
1 R 500
3 W 322 58784
3 R 411
2 R 390
3 R 475
2 W 426 10775
2 W 24 5327
1 W 30 32687
0 R 107
2 W 95 16513
2 W 34 8309
3 W 499 17973
0 W 57 56095
1 R 202
0 W 465 57248
0 R 447
2 W 383 20091
0 W 276 20259
3 R 196
1 R 423
2 W 476 49702
2 W 326 28731
0 R 451
1 W 355 60893
0 R 83
1 R 206
2 W 482 46285
2 W 402 33099
1 W 46 22768
2 R 443
3 R 502
3 R 442
0 R 285
1 R 64
1 W 226 57771
3 W 398 16245
0 W 263 41847
0 R 421
0 R 506
3 R 404
2 W 319 19028
2 W 369 8415
3 W 444 55776
3 R 136
1 R 509
1 W 260 8252
1 R 482
1 W 476 15525
1 R 319
2 W 403 15132
2 R 508
1 R 440
2 W 288 39110
2 R 195
3 W 455 57572
0 W 198 56402
2 R 247
3 R 54
2 R 457
2 R 205
2 R 387
3 R 205
3 R 175
2 W 343 57033
0 W 282 64307
1 R 218
3 W 413 1973
1 W 119 60514
2 R 303
0 R 179
3 R 384
3 R 47
1 W 390 21154
1 W 444 29568
2 R 90
1 W 504 49691
0 W 146 22150
1 R 438
2 R 105
1 R 489
0 R 24
1 W 415 2284
0 R 168
1 W 465 20171
0 R 195
3 W 483 15158
3 R 124
1 R 273
2 R 459
3 R 74
0 R 237
3 R 478
3 R 79
2 W 282 58323
0 R 118
1 W 428 55644
1 W 282 58560
2 R 280
1 R 480
3 R 242
1 W 240 37403
2 W 106 35249
2 R 388
2 R 506
3 W 423 23188
1 R 430
1 R 238
1 W 62 50541
3 R 96
0 W 336 40375
0 W 33 50957
2 W 145 31448
0 W 16 31275
2 R 480
2 R 85
0 R 482
0 W 336 49275
1 R 23
3 R 462
3 R 495
0 R 404
1 R 156
0 R 200
3 R 168
1 R 254
2 W 224 50702
0 R 137
1 R 160
0 W 110 26723
1 W 247 24999
1 R 349
2 W 292 854
0 R 510
1 W 252 39047
0 W 149 24004
1 R 117
2 R 338
3 R 437
0 W 173 4415
3 W 156 20745
2 R 95
2 W 93 37340
2 R 99
2 W 249 40870
0 W 27 25906
2 W 1 39426
3 W 140 49104
0 W 153 56181
0 R 309
3 R 132
0 R 30
2 R 0
1 W 422 41122
2 R 468
0 W 470 19103
2 W 299 22562
0 R 188
1 R 492
2 W 354 6007
1 W 405 42916
3 R 257
2 R 419
0 R 376
1 R 334
0 R 189
3 W 261 3193
3 R 187
3 W 364 5293
0 W 354 33473
1 W 87 46479
3 R 306
0 R 170
1 R 504
1 W 182 50856
0 W 289 61763
2 R 142
3 R 315
3 W 158 23584
3 W 120 10318
3 R 384
3 R 43
0 W 35 53697
0 W 105 56452
1 R 455
3 R 85
2 R 400
1 W 46 6853
2 R 317
0 W 329 39277
0 R 408
0 W 443 38185
3 W 402 15467
2 R 50
1 R 135
3 R 23
0 W 70 29933
2 R 43
2 W 372 25863
1 R 159
1 W 91 1382
2 R 248
1 R 20
3 W 150 51118
2 R 454
2 W 12 7407
3 R 282
2 W 143 10277
2 W 197 6859
3 R 49
1 R 297
3 R 317
2 W 467 40165
3 W 171 28765
2 W 332 5874
3 W 16 31068
2 W 490 3809
2 W 368 51738
2 R 42
3 W 84 53580
3 W 287 1204
0 R 351
1 R 22
2 R 441
1 R 277
3 R 255
0 R 436
1 W 154 32531
1 W 428 46834
1 W 455 29972
0 R 460
3 W 499 15270
3 W 351 43680
0 W 215 36754
0 R 490
1 W 93 8643
0 W 109 45880
1 R 179
0 W 227 6828
3 W 306 49974
1 W 66 55672
2 R 493
1 R 354
1 R 139
2 R 78
2 W 187 38198
0 R 490
0 W 205 31641
0 R 203
3 W 348 36177
2 R 455
3 R 463
1 W 449 64684
0 W 251 50434
0 R 57
0 R 35
1 W 240 26906
2 W 485 22609
2 W 418 21084
0 W 284 56936
0 W 249 22265
2 W 267 16101
0 W 155 33593
0 R 348
1 W 76 18327
3 W 380 58988
0 W 14 53348
1 W 384 6901
3 R 495
1 R 492
0 W 236 15131
0 W 23 21912
1 R 114
2 W 141 587
3 R 83
1 R 184
2 R 56
0 W 246 45527
0 R 451
0 W 176 22696
0 W 191 41196
3 R 350
1 W 492 18544
3 R 196
0 R 380
2 R 436
2 R 171
1 R 73
1 W 373 51889
3 W 390 19818
1 W 190 65300
2 R 256
3 W 486 31543
1 R 179
3 W 103 63958
1 R 19
3 R 20
2 W 197 17157
2 R 112
3 W 302 99
0 R 355
3 W 329 65494
2 R 137
2 W 240 1288
2 W 283 35737
3 R 500
0 W 249 31690
1 W 281 1131
0 W 151 29188
0 R 214
2 R 152
0 W 458 15529
1 R 491
0 R 388
3 R 376
3 W 114 40929
1 W 251 25024
3 R 87
0 R 397
2 R 153
2 R 46
1 W 179 33411
2 R 113
3 W 399 36955
3 W 205 37148
0 W 23 28600
0 W 15 32148
0 R 226
2 W 201 565
3 R 424
2 W 263 60498
3 R 374
2 W 177 8097
3 W 409 51132
1 W 216 12916
0 W 92 33020
3 W 305 5144
0 R 146
0 W 400 9387
1 W 149 47731
1 W 292 37279
2 R 312
2 W 138 44162
3 R 239
0 W 63 8047
0 W 363 33197
2 W 88 49274
3 W 377 33872
1 R 299
1 W 281 22495
2 W 182 58072
2 R 194
1 R 425
0 W 450 48844
0 W 438 51091
3 R 334
0 W 415 30437
3 R 467
1 R 434
3 W 105 58715
1 W 29 22563
1 W 151 16174
1 W 434 32504
1 W 191 56137
0 W 242 62003
1 R 253
0 W 225 23622
2 W 175 29733
2 R 66
1 W 9 63025
1 R 404
3 R 174
1 W 503 8681
1 R 28
2 R 281
2 W 507 4288
1 R 368
2 R 138
0 R 442
2 W 23 21520
1 W 155 20743
0 R 255
1 W 489 41345
3 W 154 5481
0 W 42 63541
1 R 103
0 R 219
0 R 345
1 R 362
2 W 5 5070
1 W 205 49918
3 R 127
2 W 281 46412
3 W 374 62968
0 R 95
0 R 314
0 W 148 30961
1 R 440
2 W 390 23743
0 W 445 19167
1 R 194
0 W 14 45671
0 R 95
1 R 190
1 R 504
2 W 140 10015
0 R 215
2 W 93 16329
2 R 390
1 W 450 50715
1 R 41
0 R 429
3 W 65 17377
3 R 474
1 W 102 31712
2 W 184 63956
2 W 414 29688
2 R 338
3 W 365 57309
3 W 161 21531
0 W 261 37254
2 R 400
0 W 117 48103
1 W 216 28913
0 R 7
2 W 461 52182
1 R 189
2 W 188 21157
3 R 490
0 W 368 36662
1 R 183
2 W 158 27655
1 R 249
1 R 256
3 W 205 44625
0 W 271 203
3 W 368 32526
3 R 158
0 R 468
1 R 139
3 R 297
3 W 159 22724
2 R 452
1 W 145 49802
0 R 409
3 W 357 46207
3 R 474
1 W 164 37230
2 W 505 27714
3 W 13 23972
2 W 354 7726
1 W 182 40230
1 R 464
3 W 446 25380
0 W 300 33378
3 W 263 51649
0 R 442
2 W 221 61059
1 R 340
3 R 489
2 R 271
3 R 223
2 W 157 58574
0 W 507 45426
2 R 121
3 R 495
1 R 276
3 W 477 47267
1 R 369
2 R 246
1 R 372
1 R 508
2 W 268 43517
2 R 423
2 R 274
3 W 56 62493
0 W 251 14809
2 R 482
3 W 432 12613
0 R 186
1 W 182 3360
2 R 285
0 R 197
2 R 471
1 R 15
3 R 74
2 W 296 34070
3 R 93
0 W 206 50418
3 W 449 41005
3 W 495 38277
3 R 74
2 R 33
3 R 49
2 R 123
0 R 420
3 W 284 16416
1 W 238 41964
1 R 429
2 W 113 34158
2 R 414
0 R 262
2 R 143
3 R 51
2 W 461 56542
0 W 506 29836
0 R 379
0 W 433 33234
3 R 67
1 W 167 2991
1 R 182
3 R 325
2 R 376
1 W 326 46659
1 W 62 51942
1 R 97
2 W 18 38068
2 R 247
0 W 414 44955
3 R 81
2 R 406
1 W 271 32426
2 W 237 40576
2 W 358 30103
1 W 121 34420
1 W 79 64057
0 W 267 16323
2 R 367
0 R 100
2 W 157 2765
3 W 290 44721
3 R 476
1 R 282
0 W 398 30281
3 W 131 26463
0 R 290
3 R 146
3 R 246
1 R 403
3 W 86 54725
2 R 450
3 W 342 1185
0 W 47 22781
2 W 384 37886
1 R 288
0 R 434
3 W 168 46081
1 W 164 21922
2 W 333 16940
3 R 111
1 W 291 23781
0 W 387 36785
1 W 471 28848
2 W 6 59476
3 W 253 49688
2 R 188
1 R 293
2 R 337
2 R 210
3 W 439 11007
2 W 177 40780
0 R 508
2 W 2 2483
2 R 176
2 R 488
2 W 435 10884
1 W 469 7259
3 W 438 40345
3 R 323
2 W 143 3158
3 W 437 61538
2 R 237
2 R 399
0 R 238
0 W 370 50561
1 W 477 25452
2 W 261 51277
1 W 487 8112
0 R 415
0 W 2 498
3 W 508 2931
2 R 371
0 R 295
2 R 132
1 W 496 63508
2 R 97
0 W 73 18844
3 W 316 28539
2 R 365
1 W 361 45896
3 R 187
0 R 482
2 R 102
0 W 87 64816
2 W 401 24974
0 R 298
3 W 102 25631
3 R 396
0 W 246 62456
1 R 180
1 R 150
3 W 253 59047
2 R 471
0 W 361 28386
1 W 13 21968
1 W 495 12928
0 R 305
1 R 297
2 R 477
3 R 116
3 W 369 63278
2 W 262 31986
2 W 469 22163
2 R 99
3 W 83 29656
1 W 265 20055
1 R 189
3 R 441
3 R 64
3 W 366 62073
2 R 363
0 W 320 51379
2 R 278
1 R 361
1 W 312 43726
0 W 257 14586
0 W 179 23840
1 W 507 55178
1 R 68
2 W 100 47545
0 W 79 65090
1 W 442 57239
2 R 207
1 R 73
2 R 121
3 W 409 52344
0 R 2
2 R 70
0 R 170
1 R 449
1 R 494
2 W 389 19452
1 W 205 62593
2 W 344 29463
2 W 177 4602
2 W 508 54332
2 R 496
2 R 349
2 W 282 22664
0 R 397
1 W 50 8310
2 R 276
2 R 44
0 W 221 51707
3 R 503
3 R 58
3 R 294
1 R 468
3 W 112 1540
2 W 277 12077
0 W 481 21020
1 W 72 40306
2 W 365 18726
0 R 429
0 R 37
3 W 506 38979
1 W 432 26889
1 W 410 58882
0 R 246
1 W 103 33702
3 W 128 41005
2 R 117
3 R 45
1 W 396 61710
3 R 423
0 R 176
2 W 75 54604
3 W 66 5564
0 R 354
0 W 483 25825
2 W 342 46709
1 W 190 32342
0 W 457 38112
0 R 96
1 R 140
0 R 143
1 W 76 12554
1 R 446
0 W 159 56822
3 W 107 6136
0 R 79
0 W 24 31080
3 R 457
0 R 85
0 W 228 7262
2 R 360
3 W 294 36671
0 W 310 60299
2 W 388 32562
3 W 443 65474
3 W 46 3114
0 R 472
1 W 67 8230
1 W 342 35717
0 W 171 51712
2 R 310
1 R 215
1 R 419
0 W 357 22388
3 W 414 10023
2 R 105
1 R 143
2 W 485 59315
0 W 94 25640
1 R 350
2 R 53
0 R 472
0 R 318
0 W 209 51522
2 W 185 21815
0 W 454 60770
2 R 277
2 W 371 8234
0 W 392 38266
1 R 34
2 R 83
2 R 503
1 R 314
3 W 499 167
2 R 109
0 R 25
2 W 480 20969
1 R 43
2 W 356 29620
1 R 330
0 R 31
0 W 453 58250
1 R 381
0 R 483
1 W 35 25899
3 R 267
0 R 372
3 R 343
0 R 348
2 R 437
3 W 5 63304
0 W 325 52283
0 W 199 29423
3 R 274
2 W 377 24369
0 W 165 38875
3 R 439
1 W 134 64349
2 W 325 37139
1 W 162 24015
0 R 440
0 W 179 26792
3 W 448 59176
3 R 373
0 W 140 30381
3 W 6 39229
3 R 126
0 W 263 63413
1 R 226
3 W 214 53524
2 R 195
0 R 492
3 R 353
3 R 494
0 W 15 65418
2 R 158
0 R 197
3 R 398
2 R 5
1 R 281
3 R 477
3 W 457 38342
3 R 158
1 R 34
2 R 429
0 R 75
0 W 273 24160
1 W 18 25595
1 W 443 56766
2 W 411 33654
2 R 316
2 W 474 43671
3 W 242 47311
2 R 390
1 W 143 58118
3 R 422
1 W 75 13036
2 W 194 39503
1 R 454
1 W 28 62360
3 W 320 29516
1 W 246 62024
1 R 111
0 R 246
0 R 399
3 W 123 41141
1 W 261 42386
2 W 155 56555
3 R 58
2 R 391
0 W 125 64904
1 W 503 48957
0 W 258 39668
0 W 216 247
3 W 52 54300
3 R 231
2 W 462 36646
0 R 154
3 R 30
0 R 311
2 W 116 20890
0 R 142
0 R 358
3 W 43 6332
3 R 102
2 W 252 4032
3 R 296
2 W 465 40788
3 W 139 35125
1 W 207 61757
2 R 206
2 R 341
1 R 17
0 R 120
2 W 372 18938
3 R 290
1 W 243 49677
2 W 152 400
2 W 95 4699
1 W 297 8283
2 W 408 1906
0 R 228
0 R 460
0 R 335
0 W 8 54047
2 W 378 4895
1 R 61
0 W 153 21074
3 R 173
1 W 70 34075
2 R 511
2 W 459 46679
1 R 19
0 R 307
3 W 173 18134
0 W 276 50729
0 W 123 38983
3 R 496
1 R 267
3 W 267 53341
2 R 180
3 W 200 48568
3 W 367 20555
0 W 47 48223
1 R 383
2 W 455 44150
0 W 39 22378
3 R 255
2 W 213 17572
0 W 149 54404
1 W 127 58920
0 W 109 50211
2 W 124 63749
1 W 204 62275
3 R 362
2 W 20 60341
1 R 139
1 R 396
3 R 69
0 W 109 43500
2 R 15
0 W 139 48525
3 W 90 40626
2 R 29
0 W 49 53138
2 W 29 20211
1 W 322 13185
2 R 348
3 R 94
1 R 230
3 W 116 28998
0 R 504
3 R 21
3 W 71 5681
3 R 78
2 R 503
1 W 485 14459
0 R 418
2 R 216
1 W 153 18513
3 R 287
3 W 203 22689
0 R 232
2 W 124 50712
1 R 16
2 R 501
2 R 54
0 R 428
0 W 249 37493
2 R 171
1 W 420 52504
0 W 436 19872
3 W 29 7455
1 W 303 50151
1 W 329 29135
3 W 208 58631
1 W 0 23711
0 R 330
1 W 239 22082
0 R 502
0 W 338 18969
2 W 109 25474
2 R 167
0 R 2
1 R 265
3 W 265 11930
3 W 484 36997
0 W 199 4756
3 W 145 16946
3 R 133
2 W 7 38557
2 R 33
0 R 498
2 W 493 57501
2 W 505 37719
0 R 399
3 W 36 20543
2 W 113 28690
3 R 116
3 W 273 20929
3 R 269
3 W 299 34836
2 R 214
2 W 45 4614
3 W 325 34692
1 R 391
2 R 409
1 R 13
0 R 287
1 W 81 1850
1 R 101
1 W 46 15068
3 W 265 47145
3 R 366
3 W 243 21306
1 W 211 27955
1 W 415 45503
0 W 341 37457
3 R 456
1 W 81 65435
3 R 394
1 W 441 42999
3 W 159 49918
3 R 487
3 W 445 16988
3 R 92
0 W 173 43395
3 W 240 3939
2 W 394 7482
2 W 471 19407
3 W 316 60754
1 R 302
1 W 62 13446
3 W 2 10775
1 R 196
0 W 314 60381
2 R 104
1 W 126 46228
2 R 327
1 R 153
3 R 456
0 W 6 12070
0 W 296 5279
0 R 356
0 R 158
1 R 158
2 W 473 25100
0 R 90
3 W 485 25989
0 W 333 14936
1 W 382 51369
2 W 329 4258
3 W 490 7563
3 R 194
1 R 465
3 R 373
3 W 97 33936
2 R 73
1 W 161 4190
2 R 264
0 W 81 24942
2 R 344
2 W 104 42424
2 R 393
1 W 255 62628
2 R 309
0 R 382
1 W 31 10812
3 W 324 11211
2 W 313 60529
3 W 359 49884
2 W 270 28672
0 R 433
3 R 103
3 W 7 43597
3 W 198 45179
1 W 186 25445
0 W 250 28873
2 W 347 14233
1 W 184 32119
1 R 123
3 R 36
2 W 257 48758
1 W 91 37155
0 R 233
2 W 121 23635
3 W 133 59496
2 R 209
3 R 72
0 W 196 54607
3 R 446
2 W 52 16299
2 W 207 53534
3 R 433
0 W 4 3015
0 R 47
2 R 256
1 W 328 60494
2 R 413
1 R 347
3 R 399
3 R 30
2 W 297 57974
0 W 167 25848
0 R 386
3 R 43
3 R 426
0 R 352
0 W 85 23893
3 R 51
2 W 87 54313
1 R 338
3 R 360
3 W 324 15999
1 R 173
0 W 481 26846
3 W 62 17168
3 W 101 43774
0 R 264
3 W 305 34041
2 R 180
0 R 279
3 R 406
1 R 68
1 R 37
0 W 393 29690
3 R 142
0 R 442
0 R 365
0 R 102
2 R 283
2 R 50
2 R 457
3 W 13 59216
1 R 268
0 W 263 64616
3 W 360 42193
3 W 228 26300
1 R 291
3 R 62
1 R 112
3 R 57
2 W 70 42323
2 W 95 61435
0 R 99
0 W 459 53965
2 R 433
3 W 473 42538
0 W 104 63414
1 R 325
2 R 328
3 R 155
2 W 250 42509
2 W 112 52226
0 W 207 15271
0 W 174 62301
2 R 78
0 R 4
1 R 329
3 R 145
3 W 300 34173
0 W 394 50778
0 R 92
0 W 300 28043
1 W 57 44699
3 W 233 38955
1 W 445 3178
2 R 404
0 W 23 58868
0 R 27
2 R 163
0 W 136 60390
3 W 291 63484
1 R 3
2 W 47 57776
0 R 26
3 R 430
3 R 454
3 R 50
3 W 248 40774
3 W 462 39257
2 R 125
2 W 59 27242
1 W 153 48445
3 W 343 14402
1 R 213
1 R 349
2 R 0
1 R 326
0 R 277
2 R 247
3 W 294 36586
1 W 461 50662
1 W 107 25416
3 R 78
1 R 282
2 R 24
2 W 15 0
1 W 277 49095
1 R 118
0 R 353
1 R 302
3 W 371 2334
3 W 319 60782
0 W 136 22546
1 W 204 25354
0 R 159
1 R 103
2 R 221
3 W 62 55740
3 W 112 1758
0 R 509
3 W 363 24115
2 R 69
3 W 273 35609
1 R 441
2 R 32
0 R 253
3 W 316 32816
2 W 160 50868
1 R 178
1 R 29
0 R 17
2 R 166
3 W 491 33741
0 W 397 5056
2 R 190
1 W 506 38953
2 W 201 57494
0 R 328
1 R 358
2 R 375
0 R 30
3 R 9
1 R 11
2 W 401 49294
3 R 154
1 R 124
0 W 274 36944
1 W 226 12649
1 R 28
0 R 412
2 W 260 13664
0 W 363 13091
2 R 433
1 R 75
2 R 199
2 R 474
2 W 53 22324
3 R 320
3 R 340
3 W 352 57940
1 R 97
0 W 311 25164
1 R 210
0 R 269
0 R 453
2 R 498
3 W 393 43805
3 R 75
0 R 208
0 R 181
0 W 5 24180
0 W 121 18444
0 W 382 41521
1 R 502
3 R 488
2 W 370 14615
3 R 355
3 R 51
3 R 233
3 W 238 40707
3 R 380
3 R 70
1 W 39 45135
3 W 264 63603
1 W 485 27149
2 R 368
1 R 419
0 W 140 296
0 W 43 42264
3 R 247
3 R 85
0 W 164 50751
0 R 178
2 R 152
3 R 300
3 R 250
2 R 227
3 R 40
2 R 320
1 R 55
0 R 140
0 W 305 41723
0 W 429 40426
1 W 509 37976
1 R 404
0 R 360
3 W 101 11639
3 W 183 36208
1 W 120 17179
3 R 494
0 W 466 62346
1 R 207
2 W 295 11156
1 W 0 61408
0 W 57 23177
3 W 22 58750
1 W 109 20906
2 W 222 1404
1 R 335
3 W 267 43247
1 W 22 30369
2 R 161
2 R 497
0 W 184 41433
1 R 266
0 R 180
2 W 403 37138
2 W 97 11074
0 W 49 20121
2 W 315 62512
1 R 15
3 W 39 12686
1 R 291
0 R 299
0 W 193 32749
2 R 271
3 W 81 12159
2 R 24
0 R 339
1 W 304 31252
3 W 59 29057
3 W 165 2623
1 R 415
0 R 396
2 R 155
1 W 237 36808
2 W 481 55314
1 R 23
1 R 43
0 R 102
1 W 161 10294
0 W 7 63683
3 W 79 7490
3 R 395
2 W 340 13784
3 W 491 57728
1 R 413
2 R 429
0 R 319
1 R 373
1 W 380 12028
0 W 331 12618
0 W 214 30895
1 R 135
0 W 114 23252
0 W 114 14486
3 W 198 41783
2 W 109 55508
0 R 80
0 W 102 20571
1 R 145
3 W 158 3037
1 R 316
3 R 261
0 R 411
3 R 98
3 R 61
0 R 82
3 W 354 65278
1 R 475
3 W 399 51173
1 R 150
3 W 441 40869
2 R 222
1 W 54 35755
0 R 489
1 W 59 6732
2 W 330 45715
3 W 78 33706
0 W 151 42017
1 R 202
3 R 120
1 R 449
2 R 365
3 R 342
0 W 401 28048
1 R 218
0 R 511
3 R 180
2 R 213
0 R 415
3 R 23
0 R 472
2 R 325
1 W 155 11557
0 R 181
2 W 399 21654
1 W 349 47641
3 R 229
0 R 296
3 W 134 32462
3 W 166 41981
3 R 479
0 W 260 50245
0 R 99
3 W 249 37876
0 W 13 4891
3 W 51 64715
3 R 302
1 R 429
0 W 426 14312
3 W 500 10962
2 W 390 37960
0 W 401 16278
1 R 493
3 W 156 5770
1 W 165 37539
1 R 92
2 W 187 54252
3 R 374
3 R 4
1 W 76 121
0 W 15 63102
3 R 21
1 R 159
2 W 324 17961
0 R 133
2 W 320 8387
0 R 57
0 W 61 41345
2 W 506 20594
2 R 240
2 R 261
3 W 420 52737
2 R 42
3 W 176 26633
0 R 204
1 W 261 13161
2 R 234
0 W 228 31302
2 R 311
0 W 60 35163
0 W 348 46642
1 R 357
0 R 367
1 W 59 27078
2 W 303 180
3 W 136 39503
1 R 129
0 W 353 28897
2 R 117
3 R 167
0 R 13
1 W 380 41770
0 W 240 22106
0 W 270 29564
0 R 459
1 R 76
1 R 429
2 R 105
3 W 129 49951
3 W 300 45284
0 R 14
0 W 254 1098
0 W 344 4820
1 R 159
3 W 235 29612
1 R 431
1 W 38 42296
2 W 243 35745
1 R 406
1 R 390
1 W 465 54481
2 W 421 26456
0 R 483
3 W 399 12072
3 R 401
0 W 201 28746
2 R 491
0 R 385
1 W 264 13742
0 W 127 55394
2 R 442
2 R 413
1 W 301 39597
2 W 62 15398
0 W 112 57979
0 R 407
0 W 460 31187
1 W 51 54206
2 R 449
3 R 475
3 R 353
3 W 14 61309
2 W 420 46935
0 R 466
0 R 361
1 R 309
0 W 176 44152
2 W 270 4275
2 R 142
1 R 495
0 W 510 16110
2 W 146 14149
3 R 279
0 W 128 44073
1 W 109 53912
2 W 394 14609
3 W 475 19282
0 R 158
3 W 262 57017
3 R 260
1 W 164 46787
0 R 474
0 W 319 35205
2 R 491
0 R 252
3 R 215
1 R 4
0 W 161 21186
1 R 438
1 W 495 36233
0 W 485 38631
3 R 38
0 W 510 6784
1 W 380 5376
1 R 30
1 R 474
0 W 156 22133
1 R 347
2 W 228 13946
0 R 353
3 R 392
3 W 390 15267
2 W 288 21703
0 R 229
1 R 191
2 W 347 21599
2 W 442 29528
2 W 466 26478
1 R 509
1 R 288
3 R 196
1 R 484
0 R 344
1 R 292
0 R 489
3 W 467 20072
0 W 86 52491
1 R 116
1 W 273 22765
2 R 304
2 R 90
2 R 364
2 R 468
2 R 38
3 R 216
2 R 324
1 W 79 26602
3 W 28 12789
0 W 215 64533
1 W 331 7315
3 W 0 9449
1 R 239
2 W 222 21110
3 R 142
3 W 253 15974
3 W 297 12179
2 W 157 1021
2 R 122
1 R 129
3 R 362
0 R 89
2 W 311 6568
0 W 55 10275
0 R 137
3 W 434 43631
3 R 268
0 R 482
2 R 332
3 W 182 19437
3 W 70 39514
2 W 2 55099
0 W 350 35512
2 R 404
3 R 3
3 R 271
3 W 241 32490
1 R 365
0 R 347
3 W 417 64617
0 W 108 2899
3 W 177 40748
3 W 192 53735
0 W 326 28286
2 W 139 39107
3 R 257
1 R 502
0 R 223
1 W 247 17056
1 R 276
3 R 64
2 W 256 57125
1 W 107 42056
1 W 211 37464
0 R 346
1 R 336
1 R 47
3 R 295
3 W 369 3915
2 W 395 30693
3 W 266 1484
2 R 20
3 W 232 7228
3 R 406
1 R 230
2 W 277 17825
3 R 473
2 R 292
1 W 176 64890
2 W 132 42987
2 R 511
1 W 231 59817
1 W 319 52670
0 W 456 25465
3 R 236
3 W 474 59173
3 W 321 279
1 W 83 33646
2 W 360 21834
2 R 49
0 W 397 14899
1 W 89 40641
2 R 43
2 W 366 8392
1 R 56
2 W 289 32977
0 W 28 65309
0 R 104
2 W 348 27813
0 W 414 28077
0 W 431 47996
3 W 136 61945
2 W 463 14750
3 W 191 21244
1 W 280 40219
3 R 387
1 R 223
2 R 110
0 R 87
3 W 467 19422
1 W 472 63131
0 W 57 6975
0 R 60
2 W 340 21373
2 W 256 7743
1 W 405 6947
1 W 11 44196
1 W 120 7099
0 W 403 24691
0 W 172 2343
3 R 355
1 R 184
2 R 139
2 R 116
1 W 407 18603
1 W 335 53174
2 W 369 13854
3 W 145 36995
0 W 426 5087
1 R 481
1 R 351
0 W 478 49666
1 W 337 9308
2 R 511
2 R 69
1 R 99
0 W 244 6427
3 W 198 58230
3 R 343
0 R 183
0 W 149 47658
0 R 380
0 W 166 37132
1 W 337 13802
1 W 131 45360
1 R 199
3 R 61
2 R 405
2 R 76
3 W 225 32289
1 W 413 50042
0 R 134
1 W 471 36672
0 R 451
0 R 353
3 W 454 12248
3 R 365
1 W 441 14532
2 R 230
0 R 131
2 R 199
0 R 146
3 R 54
0 W 266 22934
2 W 167 31540
2 R 307
3 W 260 58277
0 R 63
2 R 139
1 R 64
1 R 330
3 R 404
2 R 417
0 R 271
2 W 68 25184
3 W 75 38794
3 R 194
1 R 224
0 W 386 23456
3 W 417 3653
2 W 473 39192
1 R 85
3 R 55
0 R 151
3 W 226 21381
0 W 72 30157
3 R 361
2 R 266
2 W 171 17663
0 R 217
0 W 83 29673
0 W 32 11040
3 W 283 4592
2 R 176
1 R 126
0 W 487 18734
3 W 488 57937
0 R 205
0 W 97 12933
0 W 193 35058
3 W 157 53539
0 R 189
1 R 298
1 R 154
2 R 456
2 W 433 47011
2 W 112 10222
2 W 116 1646
0 W 352 47496
3 R 171
3 R 360
0 R 146
2 W 300 54476
3 R 30
0 W 449 47602
2 W 481 64920
3 W 7 54815
2 W 423 33953
1 R 181
1 R 101
0 R 155
3 R 360
2 W 390 17966
2 R 33
1 W 2 41961
0 W 496 23196
1 R 67
3 W 150 57656
3 R 413
3 W 57 49070
1 W 28 18050
3 R 405
3 W 486 11753
1 W 101 7364
0 W 166 34072
1 W 469 64475
1 R 43
2 W 200 9783
1 R 472
1 R 256
0 W 367 46959
3 R 477
3 R 161
3 W 327 18819
0 R 344
3 W 477 44555
0 R 211
3 R 433
0 W 274 16352
3 W 335 45207
3 R 116
2 R 277
1 W 93 52604
2 W 212 26889
3 W 276 46703
2 R 374
0 W 86 49419
3 R 51
3 R 202
2 R 318
0 R 83
1 W 176 18585
3 R 365
1 W 31 42753
0 W 233 27906
1 W 345 15248
2 W 451 64993
1 W 375 35139
3 W 471 15391
0 W 207 61521
0 W 447 7777
2 R 355
2 W 76 39929
0 W 338 39312
2 W 340 57823
3 W 343 15162
1 R 274
0 W 163 42139
0 W 233 5051
1 W 409 19676
2 R 296
3 R 504
1 W 502 45942
1 W 365 14810
0 R 391
3 R 339
2 W 495 25286
0 R 130
1 W 27 11209
1 R 242
0 R 234
1 W 224 63940
2 W 305 30909
2 W 68 55041
3 R 459
0 W 145 22885
3 W 82 50570
3 R 0
3 R 440
3 R 6
1 R 458
3 W 251 36140
3 W 369 5232
0 W 59 32345
0 W 446 13039
0 R 121
3 R 121
2 R 50
2 R 56
3 R 2
2 R 253
3 W 466 22188
0 W 437 65459
0 W 128 57938
0 W 98 19373
0 W 39 12511
1 W 241 10492
1 R 262
3 R 158
0 W 422 62307
1 R 414
2 W 50 7295
2 R 435
3 R 353
3 W 392 14338
3 W 243 64059
2 W 321 26373
2 R 149
3 R 504
1 R 406
3 W 456 33595
3 R 238
2 W 79 44958
0 W 416 43495
0 R 34
2 W 356 52527
1 R 453
1 R 445
2 R 340
1 W 284 5292
3 W 411 1061
0 R 451
0 R 356
0 R 504
2 W 15 19122
0 W 502 19609
2 R 87
0 R 427
1 R 199
2 W 48 50925
2 R 215
2 W 153 63498
1 R 2
3 W 17 30526
1 R 308
3 R 501
2 R 35
1 R 309
0 R 498
1 W 213 63725
0 W 254 43618
1 W 118 34695
3 W 408 48645
0 W 313 42979
3 R 353
0 R 138
2 W 123 41358
2 R 127
3 W 71 30922
0 W 79 37571
3 R 394
2 R 399
3 W 201 18926
1 W 336 26373
1 R 143
1 W 29 17995
1 R 410
3 W 100 21251
1 W 454 12972
1 W 507 65527
0 R 345
1 R 390
1 R 139
2 W 282 23227
0 W 262 44646
3 R 225
2 R 484
3 W 426 240
0 W 235 46136
0 W 401 17285
1 W 294 42026
2 W 329 3772
0 W 499 58323
3 R 115
0 R 376
0 R 303
3 R 368
2 W 424 44138
0 W 496 34417
0 R 155
2 W 484 47790
0 R 161
3 W 103 28218
2 W 434 34738
3 R 325
3 R 468
2 R 62
2 W 46 61932
3 W 135 41333
0 R 35
0 R 196
3 W 299 98
1 R 20
0 R 246
1 W 328 2921
0 R 424
2 W 470 21594
0 W 226 38253
0 R 400
0 R 84
0 W 383 56434
1 R 134
1 R 381
2 W 197 50972
1 R 196
0 W 154 59906
2 R 228
3 R 50
0 R 142
0 R 446
0 R 395
2 W 424 19478
0 R 91
1 R 405
1 R 317
3 W 319 47469
3 R 336
1 R 196
3 W 141 26918
3 W 206 57902
3 W 470 65217
1 R 284
3 W 177 23444
1 R 139
2 R 504
1 R 329
2 R 13
2 W 154 18464
0 W 238 34654
2 R 308
3 W 101 35064
0 R 425
1 W 408 28112
0 R 457
1 R 274
0 R 287
2 R 442
2 R 41
0 W 324 1764
1 W 378 45686
3 R 130
1 W 368 39769
0 R 31
1 W 55 36123
1 W 58 10195
1 R 477
0 R 214
1 R 442
2 W 308 58665
1 W 427 59482
2 W 435 64270
3 R 279
1 W 50 62738
0 W 230 30278
1 W 10 55423
1 W 481 46932
1 W 136 43142
0 W 50 65366
2 W 265 65220
1 W 476 56998
0 R 440
0 W 158 2346
1 R 308
0 W 479 30526
3 W 417 13528
3 W 447 3573
3 W 323 31484
2 R 471
2 R 187
0 R 415
0 W 202 29565
3 R 217
2 R 23
2 W 440 20802
2 W 257 16596
0 W 23 33092
1 W 283 37063
1 R 235
3 R 395
0 R 264
3 R 482
2 R 505
0 W 434 26110
2 W 255 20714
0 R 257
0 W 472 27312
2 W 134 23002
0 R 357
1 R 110
0 W 80 8978
3 W 462 32207
3 R 485
3 R 207
3 R 464
3 R 424
3 R 445
2 R 301
2 R 438
3 R 119
2 R 393
1 W 344 45624
3 R 29
2 R 236
1 W 188 21976
1 R 112
1 W 398 51496
3 R 448
1 W 198 33660
1 R 262
3 W 94 26739
2 R 145
0 W 381 6373
2 R 190
3 R 302
0 R 188
0 W 356 49440
0 R 486
1 W 2 57239
0 R 501
0 R 375
1 W 234 33266
2 R 44
0 W 203 57050
0 W 406 28780
2 W 397 30894
3 W 319 29076
2 R 261
0 W 233 24648
3 R 81
1 R 320
2 W 236 4753
0 W 413 49619
1 R 365
0 W 27 7351
2 W 76 2688
1 W 436 45821
2 W 320 48536
2 W 232 18318
3 W 123 26813
1 R 90
0 W 100 49645
0 W 9 50351
2 R 251
2 W 76 25915
2 R 312
2 R 390
0 W 277 35435
0 R 296
2 R 387
2 W 487 7816
1 W 145 45081
1 W 276 28271
2 W 426 48157
3 R 495
2 W 47 6413
2 W 121 39694
3 W 224 25926
2 W 302 58294
3 W 71 46036
2 R 232
1 R 73
0 W 49 10486
3 W 351 20482
0 W 157 7613
3 W 81 64203
3 W 285 37077
1 R 486
0 R 480
0 R 74
2 R 94
2 W 340 17205
2 R 311
2 W 469 52039
1 R 408
0 W 279 35685
3 R 61
1 R 233
2 R 126
0 W 92 56610
1 W 118 62358
1 R 205
3 R 162
2 W 216 23323
1 R 50
3 W 127 16420
2 W 270 62076
0 R 320
3 R 98
0 W 217 19646
0 W 395 30527
3 R 193
0 R 476
2 R 15
1 W 142 8069
0 W 147 61348
1 W 229 18276
3 W 140 53850
0 R 350
0 R 157
3 R 351
0 R 315
2 W 330 38583
0 R 60
0 R 208
1 W 239 31902
0 W 485 6972
1 R 135
0 R 349
1 W 97 30892
1 W 488 25663
2 R 246
3 W 307 56627
1 W 236 7940
2 R 436
1 R 241
3 R 376
3 R 213
0 W 310 64485
3 W 461 33750
0 W 205 65267
2 R 38
3 W 275 49352
1 W 124 46815
1 W 26 52099
1 W 291 21434
1 W 240 24354
0 R 239
2 R 495
3 W 505 52235
3 W 14 17554
1 R 304
1 W 317 37999
1 W 340 7170
0 W 319 33717
3 R 285
1 W 92 27383
0 W 80 27450
3 R 247
1 R 380
1 R 125
0 R 236
1 W 65 18279
1 R 167
3 W 265 9800
1 R 164
0 W 268 47913
1 W 249 6604
0 W 328 12678
2 W 238 17854
2 R 335
3 W 196 24643
2 W 402 65387
0 W 454 55004
0 W 488 52597
2 W 110 28162
0 W 330 50414
3 W 476 27765
1 R 452
0 R 137
3 R 120
2 R 176
1 R 397
1 W 373 59838
3 W 44 10009
1 R 99
3 W 370 17679
3 R 320
3 R 300
0 R 378
1 R 308
1 W 180 22566
1 W 412 33135
0 W 412 6085
2 R 40
1 W 411 48384
2 W 64 64586
3 R 442
3 W 419 40705
3 W 105 7888
3 R 101
3 W 274 58488
1 W 310 47287
0 W 247 48795
0 W 362 26216
3 W 469 42590
1 R 1
2 W 62 62243
3 R 317
1 W 199 44831
2 R 502
0 R 246
0 W 401 27040
0 W 8 1176
1 W 246 16086
1 W 400 16753
2 R 280
0 W 293 34937
0 R 403
1 W 484 52553
1 R 228
3 R 216
2 R 368
3 R 102
1 W 350 61762
0 R 502
1 R 487
2 W 160 12655
1 W 426 46685
2 W 441 55666
2 W 74 34653
1 W 56 22683
1 R 23
3 R 259
3 R 264
3 W 51 56165
1 R 478
2 R 59
0 W 500 30446
2 W 313 1315
2 R 347
2 W 325 15637
1 W 24 63656
3 W 296 36509
0 W 70 17654
3 W 66 4262
1 W 154 14752
3 W 217 35666
1 W 174 44195
2 W 440 26487
1 W 32 57336
2 R 149
2 W 220 1852
0 W 382 6886
2 W 384 59490
3 W 315 40297
0 R 23
0 W 11 25284
2 R 149
2 R 391
2 R 461
3 R 265
3 W 135 39877
1 W 325 42256
2 R 75
3 W 340 62983
1 W 18 12865
1 R 215
0 R 94
2 R 44
2 R 309
1 W 445 12339
3 R 376
3 R 385
2 W 498 1802
0 W 73 19130
0 W 316 21639
3 W 230 53245
3 R 395
2 W 505 10623
0 R 474
0 R 325
2 W 252 2948
3 R 44
2 R 231
3 W 35 56510
2 R 420
3 R 182
3 R 254
0 W 258 8184
2 W 412 14539
1 R 455
1 W 462 48582
0 R 173
3 W 208 64341
3 W 250 38378
1 R 445
1 R 393
0 W 385 4818
0 R 414
1 R 357
3 W 307 36441
1 W 262 30896
2 R 6
1 W 256 63032
2 R 501
3 W 383 37204
0 R 38
0 R 452
1 R 298
0 R 93
1 W 431 27359
2 W 182 39560
3 W 392 23263
2 R 212
1 W 83 63849
3 R 400
3 R 340
1 W 126 62217
1 R 227
2 W 450 59772
0 R 4
3 R 396
2 R 453
3 W 348 63890
1 R 230
1 W 89 28817
0 R 272
2 W 492 22037
1 W 471 62826
3 R 366
3 R 251
1 R 192
0 W 28 19491
2 R 265
3 R 354
1 R 300
1 R 31
1 W 13 39376
3 W 299 11351
1 R 199
0 R 357
0 R 70
1 W 213 17629
1 R 413
3 W 134 10160
2 R 463
3 R 476
3 W 339 56511
2 W 209 37877
1 W 346 15546
2 R 375
1 W 84 3938
2 R 486
3 R 406
2 R 357
1 R 322
1 W 149 38548
1 R 357
2 R 411
0 R 453
1 W 6 9554
1 W 104 31071
3 R 471
1 R 240
2 W 216 53132
0 R 34
0 W 240 24330
0 R 165
0 R 106
1 W 112 55508
1 W 316 54112
0 R 312
1 R 40
0 R 256
0 R 152
2 W 30 20215
1 R 207
2 R 74
0 R 221
0 R 222
2 R 63
2 W 375 59452
3 W 148 27157
3 R 276
0 W 439 62806
2 R 220
1 R 262
3 R 178
1 R 306
3 R 239
2 W 100 34305
3 W 416 1443
1 R 27
1 R 154
0 R 16
0 R 86
2 R 229
0 W 82 29334
1 R 315
0 R 14
0 R 285
0 R 192
1 R 219
2 R 374
2 R 390
2 R 476
0 W 194 20100
2 R 282
3 R 85
0 W 99 3856
1 R 388
3 R 153
2 R 355
0 R 409
1 R 159
3 W 43 47186
3 W 352 33739
2 R 382
3 R 89
3 R 94
3 W 301 65092
2 W 352 26814
0 R 87
1 R 247
0 W 290 36875
2 R 363
2 R 111
0 W 155 46169
2 R 183
2 W 484 40070
3 R 486
1 R 472
