3 W 0 244
2 R 1
2 R 2
0 W 3 93
2 W 4 173
2 W 5 66
2 W 6 91
0 W 7 42
1 W 8 84
2 W 9 109
1 R 10
3 W 11 111
3 W 12 185
1 W 13 181
2 W 14 12
0 R 15
2 W 16 198
0 R 17
1 R 18
3 W 19 206
2 R 20
0 R 21
1 R 22
2 R 23
3 W 24 223
2 R 25
1 R 26
0 W 27 243
0 W 28 119
2 R 29
2 W 30 240
3 W 31 204
3 W 32 234
3 R 33
0 R 34
0 R 35
1 W 36 255
0 W 37 214
1 W 38 98
1 R 39
2 R 40
0 R 41
1 R 42
3 W 43 85
3 W 44 0
0 R 45
3 R 46
0 R 47
2 W 48 121
1 R 49
1 W 50 104
3 R 51
2 R 52
1 R 53
0 W 54 109
1 W 55 216
3 R 56
3 R 57
1 R 58
0 R 59
2 W 60 232
1 R 61
1 R 62
2 W 63 85
3 R 64
2 W 65 66
3 R 66
2 R 67
3 R 68
3 W 69 11
3 W 70 255
0 W 71 112
1 W 72 145
1 R 73
1 W 74 141
3 R 75
2 R 76
0 R 77
0 R 78
3 R 79
0 W 80 157
0 R 81
0 W 82 46
3 W 83 110
2 W 84 243
0 R 85
1 R 86
1 R 87
3 R 88
2 R 89
3 R 90
2 W 91 192
2 W 92 132
1 R 93
1 R 94
2 R 95
2 R 96
3 R 97
0 R 98
0 R 99
2 W 100 247
3 W 101 230
0 W 102 184
3 W 103 119
2 W 104 33
3 W 105 98
1 R 106
2 W 107 123
0 W 108 90
1 R 109
1 W 110 42
3 R 111
1 W 112 191
0 W 113 150
0 R 114
3 W 115 100
0 R 116
3 W 117 187
0 R 118
1 W 119 191
2 W 120 25
3 W 121 58
0 W 122 154
2 W 123 245
1 W 124 148
3 W 125 250
2 W 126 94
2 W 127 233
3 R 128
1 W 129 76
0 R 130
2 W 131 196
1 R 132
2 W 133 54
0 W 134 41
1 R 135
0 W 136 83
3 W 137 185
2 W 138 47
2 R 139
2 R 140
3 R 141
0 R 142
0 R 143
1 R 144
3 R 145
3 R 146
0 W 147 135
1 W 148 231
1 R 149
2 R 150
2 W 151 199
3 R 152
1 R 153
1 W 154 49
3 R 155
1 W 156 92
3 R 157
0 W 158 135
0 W 159 78
0 R 160
3 W 161 47
2 R 162
3 R 163
1 R 164
3 R 165
3 W 166 185
1 W 167 116
3 R 168
3 W 169 199
3 W 170 40
2 R 171
1 W 172 180
3 R 173
3 R 174
2 W 175 190
2 W 176 168
2 W 177 120
3 R 178
1 R 179
0 R 180
3 W 181 83
2 W 182 127
3 W 183 171
0 R 184
3 R 185
3 R 186
2 W 187 80
0 R 188
3 W 189 58
2 W 190 73
2 R 191
0 R 192
2 W 193 21
1 W 194 252
0 R 195
2 W 196 37
0 R 197
1 W 198 217
3 W 199 41
0 W 200 228
1 W 201 202
2 R 202
0 R 203
0 R 204
2 W 205 203
3 W 206 200
0 W 207 38
3 R 208
2 R 209
3 R 210
3 W 211 11
0 W 212 152
0 R 213
3 R 214
2 W 215 202
2 R 216
0 R 217
3 W 218 183
0 W 219 239
2 W 220 31
0 R 221
1 R 222
2 R 223
3 W 224 140
2 W 225 248
2 R 226
2 R 227
3 R 228
2 W 229 120
2 W 230 195
1 W 231 215
1 W 232 16
0 R 233
0 W 234 66
2 W 235 21
3 W 236 219
0 W 237 221
0 W 238 233
0 W 239 163
3 W 240 41
2 R 241
2 R 242
1 W 243 155
2 W 244 193
2 R 245
3 W 246 197
0 R 247
2 W 248 161
3 R 249
1 R 250
1 W 251 5
0 W 252 28
1 W 253 247
0 W 254 168
3 W 255 106
3 R 256
1 W 257 50
2 W 258 74
2 W 259 62
3 W 260 14
1 W 261 200
2 W 262 36
3 W 263 170
3 R 264
2 R 265
3 W 266 25
1 R 267
0 R 268
0 R 269
0 W 270 196
3 R 271
2 R 272
3 W 273 215
1 W 274 202
0 W 275 133
3 W 276 96
2 W 277 13
1 W 278 38
2 W 279 110
1 W 280 232
1 R 281
1 R 282
1 W 283 143
0 R 284
2 W 285 153
0 W 286 151
2 W 287 62
2 W 288 124
3 R 289
3 R 290
2 R 291
0 W 292 2
1 W 293 6
2 W 294 223
1 R 295
0 R 296
3 W 297 87
3 W 298 238
1 R 299
1 R 300
3 W 301 75
3 R 302
1 W 303 14
2 W 304 16
3 R 305
3 W 306 39
2 R 307
0 R 308
0 W 309 224
0 R 310
3 R 311
0 W 312 107
0 R 313
0 W 314 245
0 W 315 118
3 W 316 19
3 R 317
1 R 318
3 W 319 185
1 W 320 55
2 R 321
3 R 322
2 R 323
0 R 324
1 R 325
2 W 326 72
2 R 327
1 W 328 223
0 R 329
2 W 330 252
0 R 331
3 W 332 151
0 R 333
2 R 334
2 R 335
0 R 336
0 W 337 55
2 W 338 9
1 W 339 211
2 R 340
2 W 341 146
0 W 342 174
0 W 343 140
3 R 344
3 R 345
2 W 346 30
0 W 347 39
1 R 348
0 R 349
2 W 350 85
3 R 351
1 W 352 109
3 R 353
3 R 354
2 W 355 8
1 W 356 100
2 R 357
0 R 358
2 R 359
1 W 360 73
2 W 361 65
2 W 362 62
3 W 363 137
0 R 364
2 R 365
3 W 366 16
1 W 367 24
2 R 368
0 R 369
1 R 370
1 W 371 163
2 R 372
0 R 373
2 R 374
2 W 375 108
1 R 376
1 R 377
1 W 378 110
0 W 379 126
1 R 380
2 W 381 96
3 R 382
1 W 383 41
0 R 384
3 W 385 35
3 W 386 81
1 R 387
1 R 388
1 W 389 52
2 R 390
2 R 391
3 R 392
3 W 393 183
2 R 394
2 R 395
1 W 396 247
2 R 397
2 W 398 183
1 R 399
0 R 400
2 W 401 193
3 R 402
1 W 403 23
0 W 404 150
0 R 405
2 W 406 177
2 W 407 127
3 W 408 119
1 W 409 229
0 R 410
3 R 411
2 W 412 109
3 R 413
0 R 414
0 R 415
3 R 416
1 W 417 252
0 W 418 108
1 W 419 165
0 W 420 60
3 R 421
3 W 422 135
1 R 423
1 W 424 33
2 W 425 216
3 W 426 132
1 R 427
0 R 428
3 R 429
2 W 430 48
3 R 431
2 R 432
1 R 433
3 R 434
2 R 435
3 W 436 32
0 W 437 66
3 R 438
2 R 439
1 R 440
3 W 441 102
1 R 442
2 R 443
1 W 444 111
2 W 445 167
3 W 446 203
3 W 447 191
2 W 448 224
3 R 449
2 R 450
2 R 451
0 W 452 218
3 R 453
0 R 454
0 R 455
0 R 456
1 R 457
0 R 458
3 W 459 58
2 W 460 247
2 W 461 120
2 R 462
0 R 463
2 R 464
0 R 465
1 R 466
1 W 467 178
2 R 468
0 R 469
2 R 470
2 R 471
0 R 472
1 R 473
0 R 474
2 R 475
2 R 476
0 R 477
3 R 478
1 W 479 176
3 W 480 34
1 R 481
0 W 482 162
1 W 483 200
3 R 484
2 W 485 130
0 R 486
2 R 487
0 W 488 34
2 W 489 169
1 R 490
2 W 491 178
1 R 492
1 R 493
0 W 494 69
3 R 495
3 W 496 109
3 R 497
1 W 498 14
3 W 499 182
3 R 500
1 W 501 178
2 W 502 180
0 R 503
2 W 504 188
3 R 505
0 W 506 73
3 W 507 196
3 W 508 51
1 R 509
0 W 510 221
0 W 511 124
0 R 512
1 R 513
0 R 514
2 R 515
2 W 516 70
2 R 517
2 W 518 117
3 R 519
1 R 520
1 R 521
3 R 522
0 R 523
1 W 524 112
3 W 525 248
1 R 526
3 R 527
3 W 528 246
1 R 529
0 R 530
3 R 531
3 R 532
2 W 533 113
2 W 534 83
1 W 535 59
1 W 536 0
1 R 537
1 R 538
3 R 539
1 W 540 155
2 R 541
0 W 542 100
0 R 543
3 W 544 100
1 W 545 214
3 R 546
1 R 547
1 W 548 34
0 W 549 63
2 W 550 85
2 W 551 158
3 R 552
1 W 553 158
2 R 554
3 R 555
3 R 556
2 R 557
3 R 558
3 W 559 54
3 W 560 155
1 W 561 0
1 R 562
3 R 563
2 R 564
1 W 565 96
2 W 566 255
0 W 567 206
2 R 568
0 R 569
0 R 570
1 W 571 239
3 R 572
0 R 573
0 R 574
2 W 575 162
2 W 576 100
0 R 577
1 W 578 22
2 R 579
2 W 580 234
0 W 581 194
1 W 582 250
2 R 583
2 W 584 213
2 W 585 97
0 W 586 254
2 W 587 1
2 R 588
2 R 589
1 R 590
2 W 591 47
2 W 592 7
1 W 593 224
1 R 594
2 W 595 242
3 R 596
0 R 597
1 W 598 220
3 W 599 71
1 R 600
3 W 601 166
0 W 602 28
1 R 603
2 R 604
2 R 605
2 R 606
1 R 607
1 R 608
0 R 609
1 R 610
3 R 611
1 W 612 54
1 R 613
3 W 614 202
2 W 615 126
1 W 616 148
0 R 617
0 R 618
0 R 619
0 W 620 216
1 W 621 64
2 R 622
1 W 623 241
2 R 624
3 W 625 82
2 R 626
0 R 627
3 W 628 189
1 W 629 165
1 W 630 55
1 R 631
0 R 632
2 W 633 3
3 W 634 6
0 R 635
3 R 636
0 R 637
2 W 638 196
0 W 639 60
0 R 640
1 W 641 133
3 R 642
1 R 643
3 W 644 42
1 W 645 236
0 R 646
3 R 647
0 R 648
1 W 649 252
3 W 650 155
3 W 651 87
3 W 652 173
1 R 653
3 R 654
0 R 655
2 W 656 11
1 R 657
0 W 658 41
1 R 659
3 W 660 68
1 R 661
1 R 662
1 R 663
0 W 664 51
3 R 665
1 R 666
3 R 667
0 W 668 240
3 W 669 251
0 W 670 147
1 R 671
0 W 672 44
2 R 673
1 R 674
3 W 675 108
3 W 676 167
3 W 677 39
0 W 678 202
0 R 679
2 R 680
1 W 681 231
1 R 682
2 R 683
1 W 684 195
1 W 685 121
2 W 686 112
3 W 687 68
1 R 688
3 R 689
2 W 690 215
0 W 691 81
2 W 692 34
3 R 693
3 R 694
0 W 695 165
3 W 696 150
0 R 697
0 R 698
3 W 699 239
3 R 700
2 R 701
2 R 702
1 R 703
0 R 704
3 W 705 163
2 R 706
1 W 707 142
1 W 708 51
1 R 709
1 W 710 138
1 W 711 33
1 W 712 252
1 W 713 34
0 W 714 123
2 W 715 3
1 R 716
2 W 717 89
3 W 718 231
1 R 719
3 R 720
0 R 721
3 R 722
2 W 723 224
3 R 724
0 R 725
1 W 726 80
0 R 727
2 W 728 126
0 R 729
0 W 730 175
0 R 731
2 W 732 156
1 W 733 208
2 R 734
3 R 735
3 W 736 15
1 W 737 31
2 R 738
0 R 739
1 R 740
2 W 741 42
0 W 742 222
3 W 743 170
1 R 744
3 W 745 111
3 W 746 70
2 W 747 29
1 R 748
3 W 749 119
1 W 750 231
0 R 751
2 R 752
3 R 753
2 W 754 178
1 R 755
1 R 756
3 R 757
1 R 758
3 R 759
0 R 760
3 R 761
3 W 762 69
0 W 763 70
0 R 764
2 R 765
0 R 766
0 W 767 10
3 W 768 3
1 R 769
2 R 770
0 W 771 115
0 R 772
3 R 773
1 W 774 193
1 R 775
2 R 776
1 R 777
2 W 778 18
3 R 779
2 R 780
2 W 781 223
2 W 782 104
0 W 783 148
3 R 784
0 W 785 210
2 W 786 27
0 R 787
2 R 788
0 W 789 64
2 R 790
2 W 791 174
1 W 792 101
2 W 793 31
1 W 794 131
1 W 795 150
3 R 796
0 W 797 116
3 W 798 252
3 W 799 30
3 R 800
2 W 801 104
1 W 802 23
2 R 803
0 R 804
1 W 805 6
2 R 806
3 R 807
0 R 808
2 R 809
0 R 810
3 W 811 131
2 R 812
1 W 813 78
0 W 814 182
1 R 815
1 W 816 18
1 W 817 168
0 W 818 218
2 R 819
2 W 820 179
0 W 821 119
3 W 822 120
2 W 823 96
3 W 824 174
3 R 825
0 R 826
0 R 827
3 R 828
3 W 829 82
0 R 830
1 R 831
1 W 832 25
0 R 833
1 W 834 147
0 W 835 237
1 W 836 232
0 W 837 228
2 W 838 144
2 W 839 172
1 W 840 127
3 W 841 15
0 W 842 176
0 W 843 4
0 R 844
3 W 845 184
2 R 846
1 W 847 24
2 R 848
0 R 849
0 W 850 95
3 W 851 104
2 R 852
3 W 853 199
0 W 854 120
0 R 855
0 R 856
2 R 857
3 R 858
2 W 859 87
0 W 860 145
2 R 861
2 R 862
1 W 863 122
2 W 864 128
2 R 865
2 W 866 104
1 W 867 168
3 R 868
0 W 869 254
3 W 870 92
2 R 871
0 R 872
0 W 873 34
2 W 874 39
3 W 875 101
0 R 876
3 R 877
2 R 878
1 W 879 78
1 R 880
0 R 881
3 R 882
1 R 883
2 R 884
0 W 885 218
0 R 886
0 R 887
3 W 888 113
3 R 889
1 W 890 227
2 W 891 251
3 R 892
1 R 893
2 W 894 54
1 W 895 56
3 R 896
0 W 897 109
2 R 898
3 R 899
2 R 900
1 R 901
1 W 902 205
0 R 903
3 W 904 199
2 W 905 17
3 W 906 90
1 R 907
2 W 908 183
0 W 909 163
1 W 910 195
0 W 911 61
2 R 912
1 R 913
3 W 914 248
3 R 915
2 W 916 209
3 R 917
0 W 918 62
1 W 919 224
3 W 920 36
0 R 921
1 R 922
1 W 923 117
2 R 924
0 R 925
0 W 926 55
0 W 927 105
2 R 928
2 R 929
2 R 930
1 R 931
0 R 932
1 W 933 195
1 W 934 217
3 W 935 178
0 W 936 201
0 W 937 9
0 R 938
0 W 939 239
1 W 940 217
0 W 941 167
2 R 942
0 R 943
3 W 944 193
2 R 945
1 R 946
1 R 947
2 R 948
1 W 949 50
2 R 950
3 W 951 12
0 R 952
2 W 953 200
2 W 954 111
0 W 955 35
3 R 956
0 R 957
1 W 958 53
1 R 959
2 W 960 218
3 W 961 13
2 W 962 220
1 R 963
0 W 964 230
3 W 965 128
0 W 966 168
0 R 967
3 R 968
3 R 969
3 R 970
1 R 971
2 W 972 0
1 W 973 87
2 W 974 122
2 R 975
2 R 976
1 R 977
1 W 978 16
2 R 979
1 R 980
2 R 981
0 W 982 192
0 W 983 174
0 R 984
1 R 985
3 R 986
3 W 987 253
2 W 988 123
0 W 989 245
1 R 990
2 W 991 144
2 R 992
2 R 993
3 W 994 74
3 W 995 189
1 W 996 211
3 R 997
2 W 998 155
3 W 999 157
2 R 1000
2 W 1001 161
3 R 1002
3 R 1003
2 W 1004 219
1 R 1005
2 R 1006
0 W 1007 87
1 W 1008 58
1 R 1009
2 W 1010 17
2 W 1011 66
3 W 1012 239
1 W 1013 144
0 W 1014 100
1 W 1015 217
0 R 1016
3 R 1017
2 W 1018 171
1 W 1019 226
0 R 1020
0 R 1021
1 R 1022
0 R 1023
