32
512
256
2
1 R 105
1 W 255 719885386
0 W 205 1025202362
1 R 251
1 R 124
0 R 504
1 R 487
1 R 346
0 W 51 468703135
1 R 358
0 W 439 1059961393
0 W 346 1131176229
1 W 279 608413784
1 R 212
1 R 205
0 W 180 1911759956
1 R 386
0 W 289 2084420925
0 W 112 1159126505
0 W 65 1433925857
0 W 62 2001100545
0 W 490 1585990364
1 R 399
0 R 42
0 R 59
1 R 175
0 R 492
0 W 92 855636226
0 R 323
1 R 170
0 W 297 1376710097
0 W 316 1687926652
0 W 472 402724286
1 W 505 364228444
1 R 153
1 W 433 2007905771
1 W 5 791698927
1 R 233
1 R 229
0 W 203 1600028624
0 W 356 1120048829
1 W 286 1573363368
0 W 356 1631518149
0 W 90 168002245
0 W 377 1760243555
1 R 100
0 W 158 1911165193
0 R 468
0 R 27
0 W 59 350322227
1 W 336 771151432
1 W 348 1476153275
1 R 281
0 W 125 1884661237
1 W 26 1605894428
1 W 248 1784639529
0 R 27
1 W 202 352118606
0 R 50
0 R 121
1 W 52 706043324
1 R 119
0 W 108 2086206725
0 R 33
1 R 282
1 R 446
0 W 371 740759355
0 R 467
0 R 179
1 R 240
0 R 335
0 W 329 745425661
0 R 425
0 R 468
0 R 41
0 R 154
0 R 469
0 R 424
0 R 91
1 R 332
1 W 155 2113903881
0 W 6 404158660
1 W 205 1642548899
0 W 45 824272813
0 R 71
0 R 28
0 R 452
0 R 32
1 W 364 1856669179
0 W 260 1065103348
0 W 185 1562402336
0 R 195
0 W 241 476667372
1 W 51 774044599
1 R 419
1 R 467
1 R 503
0 R 498
0 R 246
1 R 1
0 R 188
0 R 250
1 W 230 337739299
0 R 474
1 R 382
0 R 337
1 W 328 2114937732
1 R 148
1 W 409 1662981776
0 W 68 1548348142
1 R 489
1 W 207 1857962504
1 W 482 648031326
1 R 426
0 R 208
1 R 84
0 W 232 1137949908
0 R 356
0 W 424 1309383303
1 W 112 501772890
0 W 98 1983690368
1 R 222
0 W 137 1886086990
1 W 467 78012497
1 R 390
1 R 236
1 R 133
1 R 268
0 W 380 932026304
0 W 34 332266748
0 R 474
1 W 99 559301039
0 R 387
0 W 303 669908538
1 W 295 1812282134
1 R 7
1 R 365
1 R 301
1 W 335 402903177
0 R 99
1 W 199 561717988
0 W 103 733053144
1 R 274
0 W 57 337453826
0 W 266 1941690360
1 W 265 1866000081
1 R 449
0 W 149 2004504234
0 R 108
1 R 144
1 R 360
0 R 122
0 R 180
0 R 153
0 R 311
0 W 8 885799631
1 W 451 1156541312
0 R 259
0 R 332
1 R 25
1 R 211
1 R 377
1 R 290
0 R 468
0 W 254 959372260
1 W 69 159473059
1 R 1
1 W 42 1584710873
1 W 67 2045826607
0 W 258 716334471
1 R 19
0 R 361
0 R 385
1 W 357 553160358
0 W 73 864101839
1 W 462 410228794
1 W 79 1968217462
0 R 100
1 W 491 1388391521
1 R 195
1 W 447 521035021
1 R 382
0 R 445
1 R 396
0 W 347 1372261796
0 R 500
0 W 114 1605539862
0 W 1 262692685
0 R 16
1 W 463 358984857
0 W 23 272020127
0 R 152
0 W 3 1392740049
0 W 269 151519934
1 W 427 629593614
1 R 1
0 W 498 1747844822
0 W 62 76593093
0 R 33
0 W 431 1388803074
0 W 355 1725138377
0 W 368 672032919
0 R 342
1 R 43
1 W 257 292423943
1 R 253
1 R 194
1 R 227
1 R 146
0 R 331
1 W 213 567304789
1 R 307
1 R 444
1 W 222 1460082195
1 W 288 1510080967
0 W 477 554290596
1 W 136 1830539036
1 R 494
1 R 36
0 W 121 1910858270
0 R 507
0 R 243
0 R 262
1 W 38 1520982030
1 R 491
0 W 108 1982945082
1 R 84
0 W 186 2064945486
0 R 455
0 R 371
1 R 219
0 R 290
0 W 333 513937457
1 W 3 595311776
1 R 269
1 W 461 733450907
1 R 342
1 R 332
0 R 490
1 R 498
1 R 83
1 W 250 2025554010
0 R 181
1 R 450
1 W 9 931489114
0 W 482 992028067
1 W 19 1470332231
0 R 305
1 R 291
0 R 374
1 W 113 1158381494
1 W 107 1979015720
1 R 37
1 W 384 831768825
0 R 156
1 W 176 1108399134
1 R 335
1 R 115
1 R 489
1 R 90
1 W 123 672139932
0 W 202 1030313563
0 R 475
1 R 317
0 R 87
0 R 196
0 R 405
0 W 181 1745897490
0 R 466
1 W 480 610506582
1 R 67
0 W 255 813274570
1 W 424 1867107722
1 R 481
1 W 166 846621269
1 W 285 1936060910
0 W 110 989241888
0 W 385 528433890
0 W 248 1609416931
1 W 483 1844400657
0 R 441
1 W 24 1736491298
0 W 456 96055805
0 R 282
0 R 73
0 W 331 1779289672
0 W 232 415522325
1 W 92 695466127
0 W 69 1375179334
1 R 485
1 W 397 1489001354
1 R 44
1 R 188
0 R 442
1 W 2 2118801173
1 R 299
0 R 391
1 R 501
1 W 28 1289360871
0 W 144 342146590
1 R 424
1 W 77 2083149517
1 W 135 113974112
0 R 118
1 R 417
0 R 296
1 W 285 1292413412
0 W 460 1724916170
0 R 488
1 R 401
0 R 478
1 W 281 1978701535
0 W 361 2079611790
1 W 303 616734673
0 W 340 78374295
1 W 209 612353198
1 W 67 1340157793
0 R 192
1 W 406 213213171
0 W 268 399493245
1 W 486 1499150323
0 R 290
1 R 378
0 W 239 592456289
0 W 358 478841551
0 W 339 1172063133
1 R 228
1 W 130 403068011
1 R 208
1 R 196
1 R 486
1 R 352
1 W 79 1922757472
1 W 198 997276125
1 W 304 717293418
1 W 78 52775474
0 W 157 827385948
1 R 93
1 R 96
0 R 55
0 W 310 505593010
0 R 447
1 R 412
1 R 205
1 W 358 984124220
1 R 13
1 R 478
1 W 149 836802671
0 W 135 1589513899
0 R 482
0 W 120 1237979969
0 W 222 1984498433
1 W 495 1514620094
1 W 239 1759007339
0 R 34
0 W 53 1987519915
0 W 163 415675634
1 W 242 1322623287
1 W 431 1692786742
0 R 276
1 W 191 1684677418
1 R 85
1 R 397
1 R 163
1 W 79 245240853
1 R 263
0 W 506 1390598089
0 W 376 573666704
1 W 165 172623403
0 R 341
0 W 427 418646579
1 R 482
1 R 397
0 W 419 1651675551
1 R 49
0 R 506
0 R 371
0 W 112 1569115921
0 R 118
0 R 427
1 W 284 86086317
0 W 137 145186709
1 R 312
1 W 483 1947867422
1 W 281 1199680559
1 R 156
1 R 429
1 R 35
1 W 462 13798878
0 R 140
0 W 277 79065186
1 R 410
0 W 381 1389079342
1 W 71 1642663198
0 W 442 181226513
1 R 177
0 W 282 848934683
0 W 479 1541417540
1 R 26
0 R 317
0 R 333
0 R 123
1 W 195 1158747661
1 R 456
1 R 304
0 R 187
0 W 21 2003980519
0 R 108
0 R 263
0 W 363 1608959295
0 W 357 1091714937
0 R 60
0 W 467 419914800
0 W 352 457676440
1 W 135 950881304
1 R 244
1 W 125 928682751
0 W 176 1316953165
0 R 441
1 W 19 266222407
0 W 233 44804919
1 W 112 1339388427
0 W 39 464837581
1 R 315
1 W 278 764851988
0 R 40
0 R 122
0 W 50 1060494695
0 W 203 1337856142
0 R 313
0 R 325
0 W 364 2068224547
0 R 350
0 W 117 2033261900
1 W 372 1702943003
1 W 347 1453048498
1 R 197
0 R 339
1 R 140
1 W 465 541110115
0 W 390 505185185
1 R 473
0 W 293 111691313
1 R 332
0 W 167 649022765
0 R 498
0 R 325
1 R 465
0 W 419 25222833
0 R 55
1 R 284
0 R 117
1 R 60
1 R 183
0 R 484
0 R 470
1 R 283
0 R 236
1 R 143
0 R 368
0 W 338 934618834
1 R 327
0 R 388
0 W 59 1468519716
1 W 29 1460654187
1 R 125
0 R 279
0 W 61 1940022924
0 W 508 918483162
0 R 428
1 R 243
0 W 119 382926234
0 R 190
1 W 219 2011662880
0 W 157 1967632854
0 R 467
1 R 95
1 W 91 616716465
0 W 93 1684259683
1 W 39 1820965014
0 W 250 542314107
0 W 332 1776088411
1 W 401 1999337836
1 W 289 330546620
0 W 27 978053418
0 R 475
0 W 57 1353825800
1 R 47
1 R 497
0 W 113 919785523
0 R 259
1 W 111 981766422
0 R 211
1 W 238 634172025
0 W 84 992277052
0 W 68 1374631287
1 R 1
0 W 389 309667127
0 R 81
0 W 382 1004011520
1 W 508 245277883
0 W 351 1992055382
0 W 443 1899542553
1 R 166
0 W 190 1562887660
0 R 81
1 W 295 1455371254
1 W 177 251243823
1 R 452
0 R 300
1 W 387 860144854
0 R 239
1 R 405
1 R 83
1 R 123
0 R 475
1 R 396
1 W 187 1238138000
0 R 86
0 R 360
1 W 62 1287572525
0 W 78 1386214636
0 R 34
0 W 17 553918865
0 W 364 1955769409
1 R 264
0 R 409
0 R 495
0 R 343
1 R 405
0 R 194
1 R 389
1 W 155 824722490
0 R 382
1 W 448 1131189562
1 R 108
1 W 79 7426169
1 W 90 1179529128
1 R 318
1 R 0
0 R 389
1 W 32 333480550
1 W 484 1104933720
0 R 146
1 W 255 1626870461
0 R 310
1 W 400 2143493320
0 R 6
0 R 6
0 W 396 40658094
0 R 276
0 W 248 1470796522
1 W 381 1825051735
0 R 276
0 R 74
0 W 475 855320512
0 W 454 384868448
0 R 226
1 R 400
1 W 164 1767125139
0 W 382 428674782
0 W 309 524135236
1 W 284 631340353
1 R 466
0 R 270
0 R 366
0 W 81 1607967721
1 W 234 1805816260
0 R 195
1 R 417
1 W 214 966618017
0 W 189 233614511
0 R 129
1 R 400
1 W 254 1455252833
0 W 330 101072999
1 R 44
1 R 239
0 R 144
1 W 358 510770136
1 W 149 1445834946
1 W 324 1135787096
0 R 445
1 R 286
1 R 104
0 W 157 1229999242
0 W 377 1540232676
0 W 27 1214790563
1 W 439 40776180
0 W 44 1611336688
1 R 510
1 R 77
0 R 68
0 W 162 423401433
0 W 483 1304352949
0 W 435 1120630960
0 W 31 639286229
0 R 93
1 R 77
1 R 75
0 R 152
0 W 220 1654435776
0 W 409 1063641238
0 R 331
0 W 255 1741160450
1 R 34
0 R 54
0 W 118 1719506853
0 R 497
1 W 137 219976257
0 R 2
0 W 411 1723705710
1 R 185
1 W 440 1891363558
1 R 264
1 R 318
1 R 436
1 R 238
0 W 303 297820659
1 W 345 1480708313
1 R 116
1 W 396 434492631
1 R 143
1 W 158 372004513
0 R 479
0 R 403
1 W 129 1112087195
0 W 142 209419369
0 R 322
0 R 439
1 R 323
0 W 299 1351777724
0 R 90
1 W 106 980690626
1 W 85 326551394
0 R 509
0 W 139 1320399826
0 W 276 136864840
0 W 157 71061648
1 R 313
0 R 379
1 R 94
0 R 288
1 W 373 689710555
1 W 472 1045069410
1 W 52 1786910435
1 R 299
1 R 456
1 W 402 1222827834
1 R 181
0 R 275
0 W 51 2018186733
0 R 456
0 W 416 68728258
0 R 502
1 W 318 441971924
0 R 157
1 W 47 1162824071
1 R 60
1 R 335
0 W 386 1349029729
0 R 298
0 W 202 922883852
0 R 258
1 W 64 1642949730
1 W 255 693550658
0 R 457
1 R 5
1 W 340 53476175
0 R 176
0 R 474
0 R 165
0 R 371
0 W 285 202029501
1 R 336
0 W 88 939882271
0 R 405
0 W 76 1927454328
0 W 335 931336718
1 W 489 1735551514
1 R 148
1 W 17 243110911
0 R 240
1 R 225
0 R 0
0 R 405
0 W 482 1022988865
1 W 400 1438296358
0 W 271 810411310
1 W 451 431315644
0 R 187
1 R 428
0 R 141
0 R 141
0 W 34 2030678241
0 R 290
0 W 178 639138264
0 W 231 78359216
0 R 115
1 R 71
0 W 489 1781459970
1 W 143 1259480129
0 R 346
1 W 59 639854683
1 W 269 1554567089
1 W 307 757950880
0 W 127 891528784
1 R 115
0 R 338
0 W 288 1255251761
0 W 17 1481907231
1 R 350
0 R 161
1 W 82 1511658082
1 W 3 159999213
1 R 318
0 R 433
0 R 259
0 W 35 1155785752
0 W 41 930353825
0 R 511
1 R 160
0 W 243 2137386989
0 R 496
0 W 114 1004642738
1 R 355
0 R 102
0 R 138
0 R 15
0 W 79 161922596
0 R 78
0 W 179 1385952847
0 R 200
0 R 169
0 R 75
0 W 75 265632904
1 W 34 633295539
0 R 194
0 W 274 1920703868
1 R 458
0 W 125 847915875
1 W 43 709163925
1 W 245 2036256709
0 W 392 12692331
0 R 156
0 W 204 1638462029
0 R 328
0 R 256
0 R 20
0 R 375
1 W 419 2032363193
1 R 430
0 R 274
1 W 254 849876229
1 R 362
0 W 146 1116391568
0 R 49
0 W 411 1929452470
1 W 301 903633726
1 R 503
0 R 422
0 R 184
1 W 438 244930122
1 R 437
1 R 71
1 R 276
0 R 179
0 R 206
1 W 12 871328242
0 R 26
0 R 13
1 R 338
0 R 413
1 R 338
0 R 409
0 R 173
0 R 352
0 R 46
0 R 59
0 R 63
1 R 489
0 W 75 952617546
0 W 487 400660703
1 W 114 1561783348
1 R 488
0 R 509
1 W 39 726764303
1 W 330 2014871043
1 W 238 327529462
0 R 273
1 W 77 118941728
0 W 350 1746283858
1 R 37
1 R 421
1 W 134 610564030
1 R 241
0 R 245
0 R 483
0 R 458
1 R 507
1 R 19
0 R 357
1 R 394
0 W 304 305425913
0 R 440
1 R 169
0 W 414 2093506748
1 R 254
1 R 81
1 W 498 894964680
0 R 224
0 W 395 76982346
1 R 378
1 R 305
1 R 125
0 R 170
1 R 321
1 R 437
1 W 450 524581324
0 R 294
0 W 486 201345764
0 W 161 576724902
1 R 242
0 W 378 754963290
0 R 4
1 R 326
0 R 251
1 R 189
1 R 72
1 R 179
0 R 169
1 R 79
0 R 321
1 R 188
1 R 302
1 W 341 361261451
1 W 134 1600243658
1 R 235
1 R 306
0 W 352 1212052176
0 W 222 383174967
0 W 120 2129043633
1 R 242
1 W 311 1547449638
0 W 411 1571865573
1 W 495 126794893
0 R 25
0 R 88
1 W 320 1368293026
1 W 108 2024516898
0 W 149 1738394660
1 R 135
1 R 63
0 W 37 2022337363
0 R 481
0 R 506
1 W 83 192713458
0 W 404 139536873
1 W 268 2105342203
0 W 287 366420782
0 W 117 2113690868
0 W 460 2120838155
0 R 31
1 W 254 1932062638
0 W 1 1751062934
1 R 298
0 W 299 1336189196
0 R 174
0 R 102
1 W 346 399403847
0 R 339
0 W 370 950615538
0 R 416
0 W 417 1858983422
0 W 296 1369705107
1 R 415
1 R 77
1 R 179
0 W 14 516816850
1 R 293
1 W 151 596170911
1 R 63
1 W 480 1246447757
0 R 438
1 W 10 2146690120
0 R 150
0 R 329
0 W 343 1782806240
0 R 5
1 W 157 1842493053
1 W 188 46811558
0 W 52 2000456510
1 R 487
0 R 48
0 R 198
0 R 15
1 W 359 1417126763
1 W 369 523465512
0 R 421
1 W 98 1314586528
1 W 468 1210215450
0 R 1
0 R 49
0 R 247
1 R 263
0 W 110 1350422715
0 W 44 1780238390
1 R 476
1 W 62 623678685
1 W 177 1249748707
1 W 228 1959970879
1 R 391
1 W 76 2103816215
0 R 474
0 R 232
1 R 286
1 W 250 1120090212
0 R 321
1 W 498 1401808472
0 W 317 1053514403
0 W 43 1541787377
0 W 264 2018462069
0 R 247
0 R 219
0 R 2
1 W 102 1121147484
1 W 465 566417809
1 R 501
0 W 153 1092059772
0 R 365
0 W 117 2146220943
1 W 135 1680691643
1 R 172
1 R 91
0 R 183
0 W 137 702833817
0 W 142 1644730116
0 W 384 82095572
1 W 494 50365223
0 R 118
1 W 50 1196748250
1 R 483
1 W 464 1258095765
1 R 6
0 W 272 1449089325
1 R 327
1 R 283
0 W 265 959200313
1 W 176 771893916
0 R 118
1 R 89
0 W 41 1471690579
0 W 345 1515607396
0 W 145 869813362
1 R 409
1 W 171 554841746
1 W 117 29116548
1 W 273 1054930039
1 R 55
1 W 304 304133130
0 W 268 1087157360
1 R 217
1 R 343
1 W 360 977415389
1 W 218 1154073370
0 R 175
0 W 294 94097161
0 W 234 1640272695
1 W 77 681195176
1 W 40 1117661055
1 W 368 1280982766
0 W 86 619175679
0 W 473 126257224
0 R 247
0 W 29 747040077
1 R 56
0 R 301
0 R 302
1 R 173
0 W 29 1266218466
0 W 57 997517875
1 R 13
0 R 325
1 R 236
1 R 8
1 R 90
1 W 250 1097446870
1 R 174
0 R 448
0 W 244 1827524435
0 W 408 951788018
0 R 319
1 R 207
0 W 429 1375552878
0 W 456 355126162
0 W 360 1964255351
1 R 150
1 R 210
0 R 37
0 R 445
1 R 484
0 R 400
1 R 223
1 R 331
0 R 221
1 W 69 103087854
0 R 388
0 R 86
0 W 123 318984471
1 W 8 1902919189
1 R 437
1 W 187 1480032908
0 W 471 865945941
0 W 460 311647339
0 R 134
0 W 264 433573769
1 R 134
1 W 373 345705290
1 R 359
1 R 276
1 W 416 572561811
1 W 232 598845591
0 R 258
1 W 392 40317565
0 R 6
1 W 140 840536404
0 W 158 85357096
0 W 159 396926156
1 R 199
1 R 498
1 R 137
1 W 396 1015322500
0 R 2
0 W 8 460467935
0 W 52 1069142334
0 R 358
0 R 6
0 W 84 1865036214
1 R 424
0 W 50 196285753
0 R 190
0 R 192
0 W 200 1147198697
1 W 285 2100731660
0 R 114
0 R 120
1 W 205 690918075
0 W 99 1847302720
0 W 378 1513453188
1 R 498
0 R 508
1 R 230
1 R 3
1 R 499
1 R 187
0 W 373 1426451503
0 W 306 611761996
0 W 481 459541652
1 W 204 258129326
1 R 426
0 R 144
1 R 148
0 R 135
0 W 323 976012582
0 R 341
1 W 135 1187337023
1 R 288
1 R 341
1 R 176
1 R 425
0 W 12 2098579958
1 W 427 658787454
1 R 449
1 R 121
0 W 11 1445546413
0 R 364
1 R 230
0 W 14 441145323
1 R 404
1 W 416 957873435
0 W 198 1378811577
0 R 122
1 W 244 522359337
0 W 471 849399083
1 W 272 1443491243
1 R 429
1 W 382 736077591
1 W 347 351205738
0 W 497 349281413
0 R 467
1 W 180 171029949
1 W 188 373026856
0 W 363 605624150
1 R 416
0 W 470 827592008
0 W 491 761865277
1 W 467 1685622011
0 W 31 86690306
0 R 182
1 W 465 2130324323
1 W 469 849394218
1 R 446
0 R 393
0 R 108
1 W 169 123043725
0 R 136
1 R 167
1 R 237
1 R 389
1 W 68 1066908520
0 W 214 865845082
1 R 278
1 R 26
1 W 265 970403532
0 R 329
0 W 487 925988871
0 W 245 465550001
1 R 2
1 R 363
1 W 65 1694830070
1 W 268 346780946
1 W 309 718152760
0 W 273 1838549458
0 W 59 1926228785
1 W 161 835022190
1 R 488
1 W 166 1225708428
1 R 461
1 W 498 48522001
1 W 56 286289270
0 W 375 1668794409
1 R 154
1 W 275 25314788
0 W 3 1075156181
1 W 72 203684112
1 W 228 1652061567
0 W 369 656635246
0 W 422 1621421514
1 W 321 2137226130
1 W 44 495401666
1 R 166
1 W 170 845630304
1 W 425 489523515
0 R 31
1 W 50 1611416945
1 R 450
1 R 299
1 W 189 720591308
1 W 142 2065566092
1 R 23
1 R 376
0 W 289 639761745
0 W 368 1077706541
0 R 158
1 R 96
1 R 395
0 W 72 34829832
0 R 150
0 W 458 1521802050
0 W 186 1706701148
0 W 173 1775428484
0 W 178 1929465979
1 R 452
1 W 127 993165407
0 W 105 1284263301
1 W 183 30874969
0 R 292
0 W 205 197277486
1 W 265 866396003
0 W 384 2142447450
0 R 170
1 W 91 618411204
1 R 384
0 W 67 965620727
0 W 297 1821375974
1 W 319 1736034190
1 W 177 790287828
0 W 474 1189852888
1 R 24
0 W 320 1594643385
0 W 337 280707300
1 R 295
0 R 196
0 W 389 782630773
0 W 65 420544861
1 W 181 1612071710
1 R 466
0 R 304
1 R 233
1 W 59 311524657
0 W 89 1424415507
0 W 235 1334600469
1 R 125
0 W 475 22557051
1 R 154
0 R 108
0 W 412 1246331354
1 W 39 1389548121
0 W 189 1204376426
0 R 86
1 W 363 1671157106
0 R 297
1 W 164 914560116
0 R 283
0 R 11
1 R 485
1 R 13
0 R 358
1 R 280
0 R 487
1 W 346 1164107681
0 W 351 1733264227
1 W 439 1379413094
0 R 16
0 W 343 407405279
0 W 236 791788160
1 R 122
0 R 68
0 R 201
0 R 107
0 W 458 211919533
0 W 101 713194684
0 W 205 1411463558
0 R 101
1 W 338 1502676149
0 R 303
0 W 371 760582799
1 W 57 1927818509
0 W 60 1281644146
0 R 15
1 W 155 807319332
0 W 21 678890048
1 R 391
1 W 125 2054525
1 R 140
0 W 237 825060319
0 R 135
1 R 249
1 W 265 1997315115
0 R 335
0 R 356
0 W 430 1874459131
0 R 120
1 W 402 219700272
1 W 285 258944095
1 R 230
0 R 480
0 W 233 680753219
1 W 402 691017315
1 W 215 931702944
1 R 198
1 W 106 245382704
1 R 176
1 W 271 1680615222
1 W 441 1051384862
1 W 53 479615166
0 W 332 1221197734
0 W 157 911622560
0 W 114 632968966
0 W 368 1900257991
1 R 375
0 R 134
0 W 123 1326206371
1 W 372 2077643493
1 R 330
1 W 18 1291319291
0 R 59
1 W 321 1780419494
0 R 109
1 R 484
1 R 106
0 R 229
1 W 310 298191412
0 R 444
0 W 235 350162945
0 R 435
1 W 472 359978009
1 W 203 211022298
0 W 446 323944298
0 R 134
0 R 325
1 R 377
0 R 310
0 R 33
1 R 217
1 R 161
1 W 14 1799656624
0 W 233 1612270347
1 W 273 1429612496
1 W 222 2115220510
1 R 408
1 W 206 2082177503
1 W 329 1613947041
1 R 321
0 W 506 1574831224
0 R 97
1 R 9
0 W 473 1496619041
1 W 63 1994120896
1 W 311 1442684294
1 R 95
1 W 257 2042122590
1 R 456
1 W 64 1144741933
1 R 290
1 W 106 231606753
0 W 420 1276977467
0 R 276
0 W 155 454235975
1 R 220
1 W 58 193047510
0 R 503
1 W 36 1051760182
1 R 124
0 R 93
0 W 1 929783631
0 W 99 1657617320
0 R 239
1 W 460 1008457666
0 R 409
0 W 400 1414376621
0 W 228 1561669937
1 R 193
0 W 213 67744487
0 R 493
1 W 405 686863907
0 W 212 2145406847
1 W 371 1393129559
0 R 96
0 W 172 255056757
1 W 113 1650837655
0 W 84 1593694067
0 R 407
0 W 31 817922951
0 W 12 1835127597
0 W 452 1271485079
1 R 61
1 R 145
0 R 456
1 W 96 1819216446
0 R 433
0 W 329 1910661806
0 R 54
1 W 66 627153538
1 R 70
0 W 58 1756730118
0 R 407
0 R 351
0 W 447 1022267402
1 R 443
0 W 260 651233494
1 R 268
0 W 335 17137166
0 W 84 1233934451
0 R 377
0 W 272 1689672155
1 W 423 1388103241
1 W 436 406605987
0 R 478
1 W 21 1959558365
1 R 87
0 R 1
1 W 116 844342337
1 W 496 1956021008
1 W 166 1290957677
0 W 412 45276451
1 W 143 1305589888
1 R 307
0 R 242
0 W 1 1024875909
0 R 394
1 R 29
0 R 302
0 W 468 419708675
1 W 159 624443280
0 R 31
0 W 288 480733465
1 R 12
0 W 13 76293255
1 W 17 1055026196
1 R 173
1 R 67
0 R 326
1 W 485 1221796467
0 W 147 1439972672
0 W 90 827873515
1 R 493
0 W 116 1733898061
0 W 354 1323440074
0 W 325 605667344
0 R 321
0 W 308 1854894461
1 R 64
0 W 510 687217497
1 W 10 92244623
1 R 258
1 W 128 219848145
1 R 133
0 R 149
0 R 470
0 W 267 243770387
0 W 83 716167332
0 W 509 999114641
1 W 32 1937775122
1 R 349
1 W 302 1924227022
1 W 123 1835905917
1 W 201 1519497247
0 W 298 890117155
1 R 119
0 R 200
1 R 3
1 R 21
0 W 371 824765827
0 W 338 1905068689
1 W 15 1775497886
0 R 189
0 W 488 1209425786
1 R 497
1 R 185
0 R 189
1 W 210 677413022
0 W 33 311859226
1 W 171 1210911548
0 R 474
1 W 151 1658933213
0 W 343 1887329
1 R 506
0 R 489
0 W 52 1322850063
1 R 133
1 R 159
0 W 331 1258501626
0 W 468 1363056687
0 W 12 682976441
1 R 282
0 R 277
0 R 254
1 W 306 2135410116
1 W 74 1151978198
1 W 404 1636289888
0 R 264
0 R 311
0 W 324 1805972619
0 R 422
1 R 187
1 W 441 1411763102
0 W 355 344446575
0 W 325 1940115945
0 W 330 356579531
1 R 261
1 R 215
1 R 355
1 R 265
0 R 452
0 W 381 1863090086
0 R 265
1 W 182 621415411
0 W 204 37306508
0 R 223
1 W 105 1367430644
0 W 343 1369850084
1 R 2
1 R 10
1 W 433 2097599619
0 R 304
1 W 291 499676837
0 R 306
0 R 17
1 W 122 1291924967
0 W 319 994244506
0 W 412 2103359445
0 W 26 666326885
0 W 367 1340179474
0 R 387
1 R 65
1 R 279
1 W 266 1063285287
1 R 221
0 W 119 2014210884
0 W 281 253237140
0 R 250
0 W 105 1521366821
1 R 168
1 R 234
0 R 1
0 W 268 965056927
0 R 124
0 W 243 240092024
1 R 145
0 W 453 1904768654
1 W 247 1690634488
0 W 417 787670983
1 W 314 550892613
0 R 94
0 W 428 1023107478
1 R 453
0 R 453
0 R 345
1 W 487 1734779227
0 R 83
1 R 500
0 W 127 1805104510
1 R 48
1 R 129
0 W 334 900095018
0 R 387
1 W 365 1470757662
0 R 261
1 W 484 1129525515
0 R 255
0 W 383 1536058531
0 W 211 507520460
1 W 22 1429138282
1 R 363
0 W 304 2096973703
0 W 227 1025011789
0 W 176 573800760
0 R 46
1 R 286
0 W 76 5176239
1 R 223
0 R 73
1 W 436 1865681877
0 W 348 1275318627
0 R 432
0 W 96 1599296449
1 R 495
0 R 269
1 R 346
0 W 370 2069741529
1 W 35 466497994
0 W 416 1029412418
0 R 421
0 R 341
1 W 437 2132262458
0 W 41 474061759
0 W 266 2699846
1 R 109
1 R 20
0 W 478 151476660
0 R 503
1 W 412 2003086469
1 R 254
1 W 312 1813284967
1 R 38
1 W 304 831755997
0 W 330 195958573
1 R 210
0 R 134
0 W 125 2115393921
0 R 7
1 R 261
0 W 62 1341300260
0 R 74
1 W 379 1153000820
1 R 190
0 W 28 1894568290
1 W 489 1735477699
0 R 325
0 R 332
1 R 81
0 R 143
0 R 47
0 R 104
1 R 459
1 W 92 645202512
1 R 295
0 W 235 877863828
0 R 222
0 R 278
1 W 266 1512084315
1 R 155
0 R 115
1 R 448
0 W 459 1941754140
0 R 219
1 W 130 1860923474
1 R 130
0 W 510 957893884
0 R 6
1 W 296 1198335280
1 R 420
0 R 356
1 R 303
1 R 289
0 W 148 2011261157
0 R 373
0 R 148
1 R 462
1 R 99
0 R 404
1 R 312
0 W 156 1312033081
1 W 192 670406819
0 W 72 1148830593
0 R 285
1 W 159 914576914
0 W 480 506059129
1 R 487
1 R 266
1 R 472
0 R 273
1 W 466 229713172
1 W 349 1362407396
1 W 257 402263674
0 R 140
0 W 109 1870725893
0 W 236 2045165483
1 W 337 1425530777
1 W 325 670272225
1 R 179
1 W 424 176476224
0 W 478 431212037
1 R 422
0 W 99 1485039129
0 R 202
1 W 339 423873964
0 R 379
0 W 92 1456549611
1 W 462 241769484
1 W 272 1651945308
1 R 124
1 R 40
0 W 65 2005385391
1 W 100 1494041167
0 R 13
0 W 297 868449659
0 R 104
1 W 116 766221743
0 W 267 1215149023
1 W 2 1944644439
1 W 118 1820456432
0 R 251
0 W 345 573401868
0 W 151 1340756446
0 W 498 1348601478
1 W 251 1948223782
1 R 49
0 W 441 1524000681
0 R 402
0 W 42 393352512
0 R 487
0 R 156
1 W 122 1805620848
1 R 246
0 R 497
0 W 113 738919447
0 R 464
1 R 313
1 W 146 789797141
1 R 59
1 R 109
1 R 310
1 R 127
1 R 319
1 R 293
1 W 317 224170893
0 W 230 174542394
0 W 289 1209026776
0 W 447 533484833
0 W 398 1702750723
1 R 296
1 R 185
0 W 141 335322394
1 R 457
0 W 5 1010173939
1 R 58
0 W 274 1987563924
0 W 181 752027138
1 W 5 1752367198
1 W 238 82132043
1 R 207
0 R 120
0 W 350 842217685
1 W 434 1543891187
1 R 84
0 R 255
1 W 257 2012422292
0 W 243 1143932915
0 W 63 457848347
1 R 143
1 R 365
0 R 66
1 W 500 239306466
1 R 311
1 R 54
0 W 311 990608995
1 R 342
1 W 311 1368676368
0 R 286
0 W 164 595379851
1 R 206
1 W 194 676184447
0 W 182 1336573917
1 R 428
1 R 15
0 R 357
1 W 156 444843023
0 R 301
0 W 465 212993805
0 W 475 527281209
1 R 441
1 W 111 1145336947
0 R 31
1 R 46
0 R 403
1 R 47
1 R 429
0 R 156
0 W 56 804798971
1 R 274
1 W 424 214472154
0 W 238 1942973942
0 R 374
0 R 345
1 W 17 730268714
0 W 471 434614255
1 W 145 998597238
1 R 509
1 W 34 491944264
1 R 483
0 W 473 1819919772
1 R 4
1 W 511 1670325922
0 W 449 209122023
0 R 434
1 W 40 1799906078
1 R 60
0 R 388
1 W 359 404726037
0 W 177 1772020847
1 W 406 1210750266
0 R 500
1 W 219 808697565
1 W 336 1183874026
1 W 184 581045979
1 R 292
1 R 361
1 W 153 973130968
1 R 361
0 R 163
1 R 151
0 R 370
0 W 511 1614579988
0 R 387
0 R 46
0 R 94
0 W 501 572518150
0 W 421 109972926
0 W 92 1537864921
0 R 368
1 R 226
1 R 225
1 R 405
1 R 293
1 R 473
1 W 502 884149446
1 R 403
0 R 457
1 R 162
0 W 18 426274789
1 R 402
1 W 83 1761553239
1 R 339
0 R 400
0 W 229 942615648
0 R 269
1 R 375
1 W 62 1126741667
1 W 182 1174705690
0 R 428
0 R 0
1 W 152 683538773
1 R 229
1 R 458
0 R 266
1 W 74 1909904586
0 W 264 1154580226
1 W 440 1823238867
0 R 128
0 R 128
1 W 280 1935504242
1 W 87 1223917358
1 W 372 344625765
1 W 194 1571300213
0 W 505 1953673882
1 R 474
1 W 332 1317397309
1 R 32
1 W 493 989032862
0 R 91
1 W 154 166574449
1 W 156 1164965537
1 R 51
0 W 205 737168133
1 W 224 1266956354
1 R 72
1 R 205
1 W 107 1208229337
0 R 296
1 R 153
0 W 310 1367410241
1 R 116
1 W 322 384597513
0 W 233 730722386
1 W 154 1110269240
1 R 25
1 W 498 1835512531
0 W 154 484850682
0 R 90
0 R 123
0 R 382
1 R 391
1 R 113
0 W 376 92210306
1 R 490
1 W 446 319257917
0 R 88
0 R 13
0 R 247
0 W 298 104278851
0 W 373 2123465261
1 W 158 377021485
0 W 175 967412412
1 R 7
0 R 324
0 R 413
0 R 426
0 W 161 628561867
0 W 270 1683951996
1 W 426 756459200
1 R 237
1 W 412 1624178779
0 R 98
0 R 423
0 R 324
0 W 238 579028313
0 W 292 63585478
1 R 67
0 W 493 1754777750
0 W 387 8581226
1 W 197 1449189833
0 R 2
0 W 64 1793725219
1 W 356 369429249
0 R 144
0 R 491
0 W 449 1696109445
0 W 80 167435392
0 R 277
0 W 222 1648839760
1 R 52
0 W 343 1361761673
0 W 138 322814652
1 W 346 1975005226
0 R 135
0 W 210 21674783
1 R 250
1 W 500 404729913
1 R 224
0 R 87
1 R 480
1 W 107 287029573
1 R 159
1 R 201
0 R 120
0 R 120
0 R 305
1 R 362
1 R 75
1 R 162
0 R 130
1 R 237
0 W 115 959337207
0 R 448
0 R 56
1 R 176
1 R 482
1 R 332
0 R 407
1 W 57 210158967
1 R 138
1 W 226 822472410
1 W 180 558188317
1 W 369 1059887569
0 R 130
1 R 100
0 W 432 327413260
1 R 249
0 W 112 1244835312
1 R 437
1 R 144
0 W 324 1189750561
0 W 146 1720826144
1 R 418
1 W 6 285716599
0 R 132
1 R 381
0 R 494
0 W 232 732048599
0 W 359 557995688
0 R 457
1 W 92 602536681
1 R 139
0 W 145 775036055
1 W 283 1243302457
0 W 363 607873478
1 W 131 2001923439
0 R 52
0 R 175
0 R 120
1 R 353
0 R 492
0 R 125
0 W 196 1745202977
0 R 442
1 R 65
0 R 433
1 R 485
1 R 148
1 R 268
0 R 109
1 W 89 1294060809
1 R 271
0 W 49 441180183
1 W 234 1739166582
1 W 458 484521438
0 R 451
1 R 88
0 W 356 1003472374
1 R 401
0 W 155 52893135
0 R 126
1 W 149 1717698626
1 W 440 1062204404
0 R 466
0 R 405
1 W 493 715292453
0 R 284
1 R 173
0 W 328 1517261129
1 W 455 869421294
0 R 305
1 R 233
1 R 108
1 W 308 342103537
0 W 478 1255059234
1 R 62
1 R 235
1 R 52
0 W 295 1601655576
0 W 372 2072027157
1 R 254
0 W 362 1533865840
0 W 353 1407172980
0 W 150 839483538
0 R 287
0 R 294
0 R 118
0 W 398 665692994
0 W 343 2073399195
1 W 176 2102325578
0 R 194
1 W 55 482871181
0 W 31 1119914800
0 R 501
0 R 93
0 W 187 1799189617
1 W 385 250105196
0 W 448 968654762
1 R 362
1 W 457 796529518
0 R 46
1 R 351
1 R 340
1 W 433 1817632555
0 W 412 862938717
0 R 458
1 W 394 2023431017
0 R 211
1 W 156 1512380259
1 R 401
1 R 240
0 W 68 161477504
0 R 171
0 W 72 560917383
1 R 337
0 W 219 861726197
1 R 200
0 W 356 1798801153
1 W 146 1525031790
1 W 280 39442652
1 R 18
1 R 316
0 R 196
0 R 21
0 W 241 82429296
0 W 56 108335066
0 W 219 885615209
0 W 471 1117091251
0 R 144
0 R 162
1 R 479
0 R 163
0 R 184
0 W 425 576146542
1 R 167
1 W 68 1067720910
0 R 60
0 W 300 179909486
1 R 246
0 R 451
1 R 27
0 R 358
0 R 323
0 W 349 2110066444
0 R 329
0 W 496 1156253188
1 R 239
1 R 107
0 R 137
0 W 134 1683632822
1 R 298
1 R 156
0 R 125
1 W 261 770443272
0 W 39 1786146246
1 R 52
1 W 16 918927664
1 W 441 756759355
0 W 497 2133525033
1 W 64 1042697699
0 W 356 2014428725
0 W 315 262299226
1 R 129
0 R 259
0 W 269 583793107
1 R 182
0 R 46
1 W 88 166730292
1 R 23
1 W 379 538346168
0 R 499
0 R 256
0 R 482
1 R 393
0 W 96 1082791925
1 R 435
0 W 354 2025716116
1 W 44 1116640778
0 R 390
1 R 242
0 R 38
0 R 232
0 R 365
1 R 452
1 W 210 361520407
0 R 214
1 R 201
0 R 212
1 R 90
0 R 332
0 W 371 654413323
1 W 73 1730015633
0 W 146 1328887693
0 W 95 2125378384
0 W 38 1670492731
1 R 115
1 R 348
0 R 430
0 R 349
1 W 360 1448790527
1 W 400 555099393
0 R 142
1 R 237
1 R 346
1 W 361 841546849
0 W 37 1326720485
1 W 403 1885198451
0 R 111
1 R 110
0 R 510
0 R 33
0 W 459 1185178690
0 W 412 1936971908
0 R 229
0 W 267 2144970279
0 R 443
1 R 171
0 R 260
0 R 270
1 R 218
0 W 162 1129250011
1 R 128
1 R 58
1 R 124
0 W 164 68601912
1 W 76 175079540
0 R 508
0 W 328 1206681884
0 W 503 1600502206
0 W 153 1051239531
1 W 432 1853991046
1 R 420
1 R 461
1 W 324 914097874
1 R 477
1 R 491
0 W 264 466056788
0 W 18 1530548506
0 W 389 1948627941
0 W 107 1348691735
1 W 231 1805100486
0 R 147
1 W 428 1807717081
0 W 142 533593589
0 W 253 556621710
1 R 417
1 R 76
0 R 17
1 W 296 378110185
1 W 175 191146961
0 R 242
1 R 460
1 W 90 845525398
1 W 148 2090664778
0 R 235
1 W 311 244857159
1 R 254
0 W 487 1913273209
0 R 331
0 R 61
1 R 9
0 R 99
1 W 72 1252502349
1 R 477
0 W 2 1814969968
0 W 440 1374632731
0 W 258 815584927
0 W 490 1130902164
1 R 22
0 W 312 250399616
1 W 131 874286813
0 W 238 2000040220
1 W 286 394100857
0 R 50
1 R 91
1 W 261 2053605270
0 R 264
0 R 320
1 R 192
0 R 323
0 R 20
0 R 30
1 W 151 243079373
1 W 456 584224505
1 R 382
0 R 494
0 R 134
0 R 336
1 R 174
1 R 234
1 R 20
0 R 258
1 R 463
0 W 408 670639843
0 R 97
1 R 80
1 W 214 1511114180
1 R 33
0 W 344 44829904
1 W 140 2021122004
1 W 214 423260674
1 W 492 2119978516
1 W 117 1303804315
1 R 86
1 W 373 717974103
1 R 126
0 R 339
0 R 274
0 W 230 1141566047
0 R 98
1 R 78
1 W 286 2031076486
1 W 390 944096913
0 R 6
1 W 62 121411749
0 W 504 1093838762
1 W 222 740307084
1 R 432
0 R 429
0 R 447
1 R 69
0 W 460 102880123
1 R 385
1 W 448 1159877624
1 W 497 1725851476
0 R 50
1 W 368 218371435
1 R 281
1 W 216 935888731
1 W 69 2123698023
1 W 146 65549195
0 W 23 459134722
0 R 97
1 R 400
1 W 331 1740903352
1 R 84
0 W 255 497799367
1 R 210
1 R 57
0 W 204 1463780922
1 W 81 280974502
1 W 263 341678174
0 W 297 1113986157
0 R 292
1 R 236
0 W 435 131498256
0 R 213
0 W 387 1224005009
1 W 308 1825493053
0 R 204
0 R 299
0 W 84 987722163
0 R 215
1 R 452
1 R 375
1 R 509
0 R 189
0 W 72 968909699
1 W 402 2056057602
0 R 484
1 R 349
1 W 185 1044805128
0 R 116
0 R 278
0 W 72 1349672635
0 R 376
0 W 449 947923973
1 R 407
1 R 329
1 W 65 550087688
1 R 194
1 W 368 645954403
1 R 122
1 R 194
1 R 365
1 R 10
0 W 463 777371823
1 R 71
0 W 93 243198812
0 R 72
0 W 183 1362625916
0 W 505 1926919184
0 W 211 792169487
1 R 183
1 R 287
0 R 462
1 R 22
0 R 115
0 R 439
0 R 490
0 R 384
1 W 401 782926243
0 R 435
1 R 106
0 R 393
1 R 344
0 W 366 1192276234
1 W 96 1319875815
0 W 47 932116354
1 W 258 1014324504
1 W 187 1492352861
1 R 427
1 R 205
0 R 254
0 R 15
1 R 281
0 W 378 2038013405
1 W 12 1796563491
0 R 293
0 W 441 60405665
0 R 16
1 R 232
1 R 330
1 R 260
0 R 44
0 R 309
0 R 470
1 R 505
1 R 287
1 W 216 2131950070
0 R 6
1 R 239
0 R 57
0 W 318 384098734
1 R 92
1 R 132
1 R 37
0 R 404
0 W 489 620806760
1 R 188
1 R 201
0 W 350 1632163438
1 R 385
1 R 72
1 W 442 136011351
1 W 206 1230476845
1 R 449
0 W 427 2026965196
0 W 392 472555299
1 W 231 563582023
1 R 342
1 W 419 348681806
0 R 465
0 R 472
1 R 5
1 R 455
1 W 370 2020234751
1 W 391 217910498
0 R 458
1 R 288
1 W 503 825867182
1 W 265 646019278
1 W 167 1444336255
1 R 334
1 W 129 1089075076
1 R 323
0 W 37 1838289233
1 W 6 549865319
1 R 23
1 R 276
0 W 483 1066870288
0 R 143
1 R 477
0 R 94
0 W 222 1039052927
0 W 165 1540850627
0 R 457
0 R 475
1 W 412 1044177751
1 W 314 870886105
0 R 360
1 W 325 195786338
1 W 414 494843956
1 R 166
0 W 105 1521422891
1 W 87 911241979
0 R 422
0 W 112 1602709520
0 W 506 351562992
0 W 491 97163767
1 R 411
0 W 28 1795053762
1 W 389 1056858069
0 R 8
1 R 22
1 R 449
0 R 465
0 R 459
1 R 110
0 W 372 1857744169
0 R 494
1 R 345
0 W 302 1173817034
1 R 207
1 W 366 134606994
0 R 128
1 W 440 1717058218
0 R 280
0 R 140
1 R 164
1 W 382 1256626033
1 W 159 1085895807
1 R 334
0 W 188 743299774
1 W 319 183587600
0 W 442 760837342
0 R 478
0 W 8 1010902814
1 W 440 2116411266
0 W 351 1542629936
1 R 6
1 W 297 1233611256
1 R 179
0 R 297
0 R 7
0 R 485
0 W 493 236227440
1 W 296 1915688411
1 R 314
1 W 435 2008175571
0 R 252
0 W 86 677182057
0 R 402
0 R 409
0 W 383 716925566
0 R 494
1 W 279 1895175780
1 W 415 1914008292
0 R 184
0 R 436
1 W 11 126769166
1 W 417 21033915
0 R 487
1 W 101 1221547451
0 R 69
1 W 169 473367734
0 R 411
0 R 83
0 R 7
1 R 18
0 W 222 2122651787
1 R 453
0 W 127 882142838
0 W 202 1913699865
0 W 195 1948736763
1 W 150 1197626005
0 W 459 2098599402
0 W 148 1108346115
1 R 481
0 W 111 1200458209
1 R 96
1 R 261
1 R 330
0 W 69 1705336829
0 W 146 484753642
0 R 213
0 W 361 1134243767
0 W 408 1760190642
0 W 147 2018060498
1 R 131
0 W 255 2010466146
1 W 155 482811272
1 W 99 815271487
0 W 157 1044879519
0 R 8
1 R 116
0 R 10
1 R 220
1 R 352
1 W 95 1893229329
1 R 428
1 W 139 1057673627
1 W 450 1163732120
0 R 59
1 R 115
1 R 350
1 W 220 433039960
0 R 440
1 W 23 81682196
0 W 192 1000937120
1 R 59
0 W 509 637495924
0 R 175
1 R 291
0 R 129
1 W 349 1275710679
0 W 143 891616533
0 R 42
1 R 234
1 W 54 1649116840
1 R 165
1 R 321
1 W 271 141849808
1 W 337 9621380
1 R 92
1 W 235 201215264
1 R 330
0 R 53
1 W 107 504047775
0 W 325 1217521297
1 R 62
0 R 270
1 W 95 695481660
0 W 408 1650591957
0 W 502 672852004
1 R 430
1 W 422 816720766
1 W 274 645264932
0 R 214
1 R 392
1 W 320 689627512
0 R 67
0 R 280
0 W 270 2121300712
1 W 151 1877532448
0 W 159 5923237
0 W 458 631739405
1 R 30
0 R 453
1 R 317
1 R 384
1 R 153
0 R 423
0 W 502 1762073627
1 W 88 1945742588
0 W 174 887386922
0 W 458 485236486
1 W 203 1592758116
1 R 222
0 W 181 2088329528
0 W 456 1359288777
0 W 448 47498481
1 W 330 948376671
1 W 269 2075769350
1 W 464 707198483
0 W 222 444560305
1 R 143
1 W 324 383183255
1 R 352
1 R 101
1 W 456 2061089174
1 R 113
0 W 119 790291161
0 R 236
1 W 458 975661636
0 W 211 242532233
0 W 289 553485746
1 W 13 1338979865
0 R 119
1 R 30
1 W 491 937927180
1 R 83
1 W 230 1517471994
1 R 37
0 W 430 1839949
0 W 255 1840680130
0 R 219
1 R 338
0 R 369
1 W 348 1776273865
0 R 28
1 W 258 42168754
1 R 471
1 W 389 717906630
0 W 453 1826225920
1 W 475 672717276
1 R 194
1 W 127 1068250649
1 W 481 242138651
1 W 493 1891766632
1 R 404
0 W 446 1551030183
0 R 508
1 R 418
1 W 382 2025877014
1 W 270 244602532
0 W 159 665937673
0 W 367 112424865
0 W 492 217155554
1 R 149
1 R 15
1 R 335
1 R 352
1 W 374 2067147774
0 R 163
0 W 322 455493854
0 W 77 983848021
